2022 09  2022.708 :  93.9  18.8
2022 10  2022.792 :  96.6  19.3
2022 11  2022.875 : 100.1  20.0
2022 12  2022.958 : 103.4  20.7
2023 01  2023.042 : 106.3  21.3
2023 02  2023.125 : 109.7  21.9
2023 03  2023.208 : 112.7  22.5
2023 04  2023.292 : 114.5  22.9
2023 05  2023.375 : 116.7  23.3
2023 06  2023.458 : 118.2  23.6
2023 07  2023.542 : 118.9  23.8
2023 08  2023.625 : 119.4  23.9
2023 09  2023.708 : 119.9  24.0
2023 10  2023.792 : 120.1  24.0
2023 11  2023.875 : 119.9  24.0
2023 12  2023.958 : 120.2  24.0
2024 01  2024.042 : 121.2  24.2
2024 02  2024.125 : 121.6  24.3
