2022 09  2022.708 :  95.6  11.1
2022 10  2022.792 :  97.8  13.9
2022 11  2022.875 : 103.1  16.7
2022 12  2022.958 : 106.7  19.4
2023 01  2023.042 : 110.2  22.2
2023 02  2023.125 : 114.0  25.0
2023 03  2023.208 : 117.9  27.8
2023 04  2023.292 : 122.1  30.6
2023 05  2023.375 : 126.8  33.3
2023 06  2023.458 : 131.6  36.1
2023 07  2023.542 : 136.6  38.9
2023 08  2023.625 : 141.7  41.7
2023 09  2023.708 : 146.6  44.4
2023 10  2023.792 : 152.0  47.2
2023 11  2023.875 : 158.3  50.0
2023 12  2023.958 : 165.0  52.8
2024 01  2024.042 : 171.1  55.6
2024 02  2024.125 : 176.0  58.3
