2023 05  2023.375 :  125.5     0
2023 06  2023.458 :  129.9     0
2023 07  2023.542 :  137.0     0
2023 08  2023.625 :  134.4   7.3
2023 09  2023.708 :  137.1   8.2
2023 10  2023.792 :  140.3   9.4
2023 11  2023.875 :  145.8  11.1
2023 12  2023.958 :  151.8  12.7
2024 01  2024.042 :  157.8  14.3
2024 02  2024.125 :  163.1  15.8
2024 03  2024.208 :  167.5  17.1
2024 04  2024.292 :  170.6  18.2
2024 05  2024.375 :  172.1  19.0
2024 06  2024.458 :  171.9  19.7
2024 07  2024.542 :  170.6  20.2
2024 08  2024.625 :  168.5  20.6
2024 09  2024.708 :  166.1  21.0
2024 10  2024.792 :  163.5  21.4
