2023 05  2023.371 :  124.9     0
2023 06  2023.453 :  126.3     0
2023 07  2023.538 :  128.0     0
2023 08  2023.623 :  129.9   7.2
2023 09  2023.705 :  129.5   7.9
2023 10  2023.790 :  132.1   9.0
2023 11  2023.873 :  133.8  10.4
2023 12  2023.958 :  135.6  11.7
2024 01  2024.042 :  137.5  13.0
2024 02  2024.124 :  138.6  14.0
2024 03  2024.206 :  138.9  14.8
2024 04  2024.288 :  138.6  15.6
2024 05  2024.373 :  138.3  16.4
2024 06  2024.455 :  139.0  17.4
2024 07  2024.540 :  140.5  18.5
2024 08  2024.624 :  141.4  19.3
2024 09  2024.706 :  141.9  20.0
2024 10  2024.791 :  142.0  20.6
