2023 05  2023.375 :  120.9     0
2023 06  2023.458 :  124.3     0
2023 07  2023.542 :  129.1     0
2023 08  2023.625 :  128.7   7.0
2023 09  2023.708 :  127.8   7.7
2023 10  2023.792 :  126.8   8.6
2023 11  2023.875 :  126.6   9.9
2023 12  2023.958 :  126.5  11.1
2024 01  2024.042 :  127.0  12.2
2024 02  2024.125 :  127.4  13.2
2024 03  2024.208 :  127.3  14.0
2024 04  2024.292 :  126.9  14.8
2024 05  2024.375 :  127.4  15.8
2024 06  2024.458 :  129.1  16.9
2024 07  2024.542 :  131.9  18.1
2024 08  2024.625 :  134.8  19.2
2024 09  2024.708 :  137.0  20.1
2024 10  2024.792 :  138.4  20.8
