2023 05  2023.375 : 128.8  11.1
2023 06  2023.458 : 129.0  13.9
2023 07  2023.542 : 134.0  16.7
2023 08  2023.625 : 138.8  19.4
2023 09  2023.708 : 143.5  22.2
2023 10  2023.792 : 148.7  25.0
2023 11  2023.875 : 154.7  27.8
2023 12  2023.958 : 161.2  30.6
2024 01  2024.042 : 167.2  33.3
2024 02  2024.125 : 172.0  36.1
2024 03  2024.208 : 175.5  38.9
2024 04  2024.292 : 177.5  41.7
2024 05  2024.375 : 177.3  44.4
2024 06  2024.458 : 175.5  47.2
2024 07  2024.542 : 173.0  50.0
2024 08  2024.625 : 170.2  52.8
2024 09  2024.708 : 167.4  55.6
2024 10  2024.792 : 164.6  58.3
