2023 05  2023.371 : 124.9   6.5
2023 06  2023.453 : 126.3  12.3
2023 07  2023.538 : 128.0  19.5
2023 08  2023.623 : 130.2  26.2
2023 09  2023.705 : 131.8  31.4
2023 10  2023.790 : 133.1  36.6
2023 11  2023.873 : 134.6  40.9
2023 12  2023.958 : 136.7  44.7
2024 01  2024.042 : 138.6  47.9
2024 02  2024.124 : 139.0  50.0
2024 03  2024.206 : 138.2  53.6
2024 04  2024.288 : 137.5  56.9
2024 05  2024.373 : 137.2  57.5
2024 06  2024.455 : 138.8  59.6
2024 07  2024.540 : 141.3  60.7
2024 08  2024.624 : 141.8  58.9
2024 09  2024.706 : 141.7  55.6
2024 10  2024.791 : 141.4  54.5
