2022 10  2022.792 :   94.4     0
2022 11  2022.875 :   95.8     0
2022 12  2022.958 :  100.3     0
2023 01  2023.042 :  108.8   6.4
2023 02  2023.125 :  113.0   7.3
2023 03  2023.208 :  117.2   8.4
2023 04  2023.292 :  121.3  10.1
2023 05  2023.375 :  125.8  11.7
2023 06  2023.458 :  130.6  13.3
2023 07  2023.542 :  135.5  14.8
2023 08  2023.625 :  140.5  16.3
2023 09  2023.708 :  145.5  17.8
2023 10  2023.792 :  150.9  19.3
2023 11  2023.875 :  156.7  21.0
2023 12  2023.958 :  163.0  22.6
2024 01  2024.042 :  169.1  24.2
2024 02  2024.125 :  174.5  25.6
2024 03  2024.208 :  178.9  26.8
