2022 10  2022.790 :   99.0     0
2022 11  2022.873 :  102.3     0
2022 12  2022.958 :  105.2     0
2023 01  2023.042 :  113.3   6.3
2023 02  2023.122 :  116.6   7.2
2023 03  2023.204 :  114.9   8.2
2023 04  2023.286 :  117.5   9.7
2023 05  2023.371 :  120.2  11.1
2023 06  2023.453 :  122.6  12.4
2023 07  2023.538 :  125.0  13.6
2023 08  2023.623 :  127.7  14.8
2023 09  2023.705 :  130.1  15.9
2023 10  2023.790 :  132.0  16.9
2023 11  2023.873 :  133.7  17.9
2023 12  2023.958 :  135.7  18.9
2024 01  2024.042 :  137.8  19.9
2024 02  2024.124 :  139.2  20.7
2024 03  2024.206 :  139.5  21.3
