2022 10  2022.792 :  98.2  11.1
2022 11  2022.875 : 102.3  13.9
2022 12  2022.958 : 108.3  16.7
2023 01  2023.042 : 112.2  19.4
2023 02  2023.125 : 116.3  22.2
2023 03  2023.208 : 120.6  25.0
2023 04  2023.292 : 125.3  27.8
2023 05  2023.375 : 130.4  30.6
2023 06  2023.458 : 135.7  33.3
2023 07  2023.542 : 141.1  36.1
2023 08  2023.625 : 146.5  38.9
2023 09  2023.708 : 151.8  41.7
2023 10  2023.792 : 157.7  44.4
2023 11  2023.875 : 164.3  47.2
2023 12  2023.958 : 171.1  50.0
2024 01  2024.042 : 177.2  52.8
2024 02  2024.125 : 182.0  55.6
2024 03  2024.208 : 185.5  58.3
