2022 10  2022.792 :  98.6  19.7
2022 11  2022.875 : 101.9  20.4
2022 12  2022.958 : 104.9  21.0
2023 01  2023.042 : 107.5  21.5
2023 02  2023.125 : 110.7  22.1
2023 03  2023.208 : 113.4  22.7
2023 04  2023.292 : 115.0  23.0
2023 05  2023.375 : 116.9  23.4
2023 06  2023.458 : 118.2  23.6
2023 07  2023.542 : 118.6  23.7
2023 08  2023.625 : 118.9  23.8
2023 09  2023.708 : 119.1  23.8
2023 10  2023.792 : 120.1  24.0
2023 11  2023.875 : 119.9  24.0
2023 12  2023.958 : 120.2  24.0
2024 01  2024.042 : 121.2  24.2
2024 02  2024.125 : 121.6  24.3
2024 03  2024.208 : 121.0  24.2
