2022 10  2022.790 :  99.0   6.6
2022 11  2022.873 : 102.3  13.0
2022 12  2022.958 : 105.2  17.2
2023 01  2023.042 : 107.7  21.2
2023 02  2023.122 : 111.0  26.7
2023 03  2023.204 : 113.9  32.5
2023 04  2023.286 : 115.8  36.8
2023 05  2023.371 : 118.4  39.7
2023 06  2023.453 : 120.2  42.8
2023 07  2023.538 : 122.5  46.9
2023 08  2023.623 : 125.4  50.8
2023 09  2023.705 : 127.4  53.0
2023 10  2023.790 : 128.8  54.9
2023 11  2023.873 : 130.2  56.3
2023 12  2023.958 : 132.4  57.4
2024 01  2024.042 : 134.4  58.1
2024 02  2024.124 : 135.0  58.8
2024 03  2024.206 : 134.1  60.9
