2023 01  2023.042 :  107.5     0
2023 02  2023.125 :  113.0     0
2023 03  2023.208 :  119.8     0
2023 04  2023.292 :  122.3   6.9
2023 05  2023.375 :  127.6   7.8
2023 06  2023.458 :  133.6   9.0
2023 07  2023.542 :  139.1  10.8
2023 08  2023.625 :  144.6  12.5
2023 09  2023.708 :  150.2  14.2
2023 10  2023.792 :  156.0  15.9
2023 11  2023.875 :  162.2  17.6
2023 12  2023.958 :  168.7  19.3
2024 01  2024.042 :  174.9  20.8
2024 02  2024.125 :  180.4  22.3
2024 03  2024.208 :  184.8  23.5
2024 04  2024.292 :  187.6  24.5
2024 05  2024.375 :  188.7  25.1
2024 06  2024.458 :  188.1  25.6
