2023 01  2023.042 :  105.8     0
2023 02  2023.125 :  109.7     0
2023 03  2023.208 :  113.8     0
2023 04  2023.292 :  118.3   6.7
2023 05  2023.375 :  121.8   7.4
2023 06  2023.458 :  124.9   8.3
2023 07  2023.542 :  125.9   9.8
2023 08  2023.625 :  126.4  11.1
2023 09  2023.708 :  126.8  12.2
2023 10  2023.792 :  127.4  13.3
2023 11  2023.875 :  128.0  14.3
2023 12  2023.958 :  128.8  15.3
2024 01  2024.042 :  130.1  16.3
2024 02  2024.125 :  130.6  17.2
2024 03  2024.208 :  130.5  17.9
2024 04  2024.292 :  130.3  18.5
2024 05  2024.375 :  130.9  19.4
2024 06  2024.458 :  132.7  20.6
