2023 01  2023.042 : 109.0  21.8
2023 02  2023.125 : 111.9  22.4
2023 03  2023.208 : 114.3  22.9
2023 04  2023.292 : 115.5  23.1
2023 05  2023.375 : 117.1  23.4
2023 06  2023.458 : 118.0  23.6
2023 07  2023.542 : 118.1  23.6
2023 08  2023.625 : 118.1  23.6
2023 09  2023.708 : 118.0  23.6
2023 10  2023.792 : 118.7  23.7
2023 11  2023.875 : 118.9  23.8
2023 12  2023.958 : 119.7  23.9
2024 01  2024.042 : 121.2  24.2
2024 02  2024.125 : 121.6  24.3
2024 03  2024.208 : 121.0  24.2
2024 04  2024.292 : 120.6  24.1
2024 05  2024.375 : 121.9  24.4
2024 06  2024.458 : 124.7  24.9
