2023 01  2023.042 : 108.9   5.4
2023 02  2023.122 : 112.0  11.5
2023 03  2023.204 : 114.6  17.2
2023 04  2023.286 : 116.2  21.6
2023 05  2023.371 : 118.6  25.2
2023 06  2023.453 : 120.3  29.2
2023 07  2023.538 : 122.4  34.3
2023 08  2023.623 : 125.0  38.9
2023 09  2023.705 : 126.9  42.1
2023 10  2023.790 : 128.3  45.3
2023 11  2023.873 : 129.8  48.1
2023 12  2023.958 : 132.1  50.6
2024 01  2024.042 : 134.2  52.3
2024 02  2024.124 : 134.8  53.6
2024 03  2024.206 : 134.0  56.3
2024 04  2024.288 : 133.1  58.6
2024 05  2024.373 : 132.6  58.5
2024 06  2024.455 : 134.2  59.9
