2022 05  2022.371 :   77.5     0
2022 06  2022.453 :   81.2     0
2022 07  2022.538 :   84.5     0
2022 08  2022.623 :   87.5   5.7
2022 09  2022.705 :   90.9   6.4
2022 10  2022.790 :   91.2   7.4
2022 11  2022.873 :   94.6   8.8
2022 12  2022.958 :   98.0  10.1
2023 01  2023.042 :  101.0  11.4
2023 02  2023.122 :  104.4  12.6
2023 03  2023.204 :  107.8  13.8
2023 04  2023.286 :  110.5  14.9
2023 05  2023.371 :  113.1  16.0
2023 06  2023.453 :  115.3  16.9
2023 07  2023.538 :  117.4  17.9
2023 08  2023.623 :  119.8  18.9
2023 09  2023.705 :  122.1  19.9
2023 10  2023.790 :  124.0  20.7
