2022 05  2022.375 :  76.8  15.4
2022 06  2022.458 :  81.9  16.4
2022 07  2022.542 :  87.1  17.4
2022 08  2022.625 :  91.7  18.3
2022 09  2022.708 :  95.2  19.0
2022 10  2022.792 :  98.3  19.7
2022 11  2022.875 : 102.2  20.4
2022 12  2022.958 : 105.8  21.2
2023 01  2023.042 : 109.1  21.8
2023 02  2023.125 : 112.9  22.6
2023 03  2023.208 : 116.2  23.2
2023 04  2023.292 : 118.4  23.7
2023 05  2023.375 : 120.9  24.2
2023 06  2023.458 : 121.4  24.3
2023 07  2023.542 : 121.0  24.2
2023 08  2023.625 : 120.5  24.1
2023 09  2023.708 : 119.9  24.0
2023 10  2023.792 : 120.1  24.0
