2022 05  2022.375 :  79.0  11.1
2022 06  2022.458 :  83.8  13.9
2022 07  2022.542 :  86.6  16.7
2022 08  2022.625 :  92.2  19.4
2022 09  2022.708 :  97.6  22.2
2022 10  2022.792 : 102.9  25.0
2022 11  2022.875 : 107.8  27.8
2022 12  2022.958 : 112.8  30.6
2023 01  2023.042 : 117.9  33.3
2023 02  2023.125 : 123.2  36.1
2023 03  2023.208 : 128.9  38.9
2023 04  2023.292 : 135.2  41.7
2023 05  2023.375 : 142.2  44.4
2023 06  2023.458 : 149.3  47.2
2023 07  2023.542 : 156.4  50.0
2023 08  2023.625 : 163.3  52.8
2023 09  2023.708 : 170.1  55.6
2023 10  2023.792 : 177.1  58.3
