2022 05  2022.371 :  77.5   5.8
2022 06  2022.453 :  81.2   9.9
2022 07  2022.538 :  84.5  15.1
2022 08  2022.623 :  87.8  21.2
2022 09  2022.705 :  90.7  25.3
2022 10  2022.790 :  93.8  30.0
2022 11  2022.873 :  97.5  34.9
2022 12  2022.958 : 100.6  38.1
2023 01  2023.042 : 103.2  42.1
2023 02  2023.122 : 106.9  47.6
2023 03  2023.204 : 110.1  52.4
2023 04  2023.286 : 112.1  55.4
2023 05  2023.371 : 114.7  56.9
2023 06  2023.453 : 116.4  58.1
2023 07  2023.538 : 118.4  59.4
2023 08  2023.623 : 121.1  60.6
2023 09  2023.705 : 123.0  60.9
2023 10  2023.790 : 124.4  61.4
