2023 07  2023.542 :  127.0     0
2023 08  2023.625 :  129.7     0
2023 09  2023.708 :  131.2     0
2023 10  2023.792 :  124.4   6.9
2023 11  2023.875 :  126.1   7.7
2023 12  2023.958 :  129.5   8.8
2024 01  2024.042 :  134.5  10.4
2024 02  2024.125 :  139.0  11.9
2024 03  2024.208 :  143.0  13.2
2024 04  2024.292 :  145.8  14.3
2024 05  2024.375 :  147.4  15.3
2024 06  2024.458 :  147.6  16.0
2024 07  2024.542 :  146.6  16.6
2024 08  2024.625 :  145.0  17.1
2024 09  2024.708 :  143.0  17.6
2024 10  2024.792 :  140.7  18.0
2024 11  2024.875 :  138.3  18.3
2024 12  2024.958 :  135.7  18.6
