2023 07  2023.538 :  126.4     0
2023 08  2023.623 :  128.5     0
2023 09  2023.705 :  130.1     0
2023 10  2023.790 :  120.7   7.0
2023 11  2023.873 :  120.2   7.7
2023 12  2023.958 :  124.5   8.6
2024 01  2024.042 :  126.2  10.1
2024 02  2024.124 :  127.3  11.2
2024 03  2024.206 :  127.5  12.2
2024 04  2024.288 :  127.3  13.1
2024 05  2024.373 :  127.2  14.0
2024 06  2024.455 :  127.8  15.0
2024 07  2024.540 :  129.3  16.1
2024 08  2024.624 :  130.3  17.0
2024 09  2024.706 :  130.8  17.7
2024 10  2024.791 :  130.9  18.3
2024 11  2024.873 :  130.6  18.9
2024 12  2024.958 :  129.9  19.4
