2023 07  2023.542 : 124.4  11.1
2023 08  2023.625 : 127.0  13.9
2023 09  2023.708 : 124.9  16.7
2023 10  2023.792 : 128.7  19.4
2023 11  2023.875 : 133.1  22.2
2023 12  2023.958 : 138.2  25.0
2024 01  2024.042 : 143.2  27.8
2024 02  2024.125 : 147.3  30.6
2024 03  2024.208 : 150.4  33.3
2024 04  2024.292 : 152.1  36.1
2024 05  2024.375 : 152.3  38.9
2024 06  2024.458 : 150.9  41.7
2024 07  2024.542 : 148.8  44.4
2024 08  2024.625 : 146.4  47.2
2024 09  2024.708 : 143.9  50.0
2024 10  2024.792 : 141.4  52.8
2024 11  2024.875 : 138.7  55.6
2024 12  2024.958 : 135.7  58.3
