2025 11  2025.875 :  111.2     0
2025 12  2025.958 :  112.0     0
2026 01  2026.042 :  112.6     0
2026 02  2026.125 :  103.9   6.4
2026 03  2026.208 :  101.8   7.0
2026 04  2026.292 :  100.0   7.7
2026 05  2026.375 :   99.1   8.8
2026 06  2026.458 :   97.7   9.6
2026 07  2026.542 :   96.1  10.3
2026 08  2026.625 :   94.5  11.0
2026 09  2026.708 :   93.3  11.7
2026 10  2026.792 :   92.2  12.3
2026 11  2026.875 :   91.0  12.8
2026 12  2026.958 :   88.2  13.1
2027 01  2027.042 :   85.2  13.2
2027 02  2027.125 :   81.9  13.2
2027 03  2027.208 :   78.9  13.3
2027 04  2027.292 :   76.3  13.4
