2025 11  2025.873 :  106.0     0
2025 12  2025.958 :  104.7     0
2026 01  2026.042 :  103.2     0
2026 02  2026.122 :   95.9   6.3
2026 03  2026.204 :   91.7   6.7
2026 04  2026.286 :   93.5   7.3
2026 05  2026.371 :   90.4   8.2
2026 06  2026.453 :   87.0   8.8
2026 07  2026.538 :   83.8   9.4
2026 08  2026.623 :   81.1   9.9
2026 09  2026.705 :   78.7  10.4
2026 10  2026.790 :   76.3  10.8
2026 11  2026.873 :   73.8  11.0
2026 12  2026.958 :   71.0  11.2
2027 01  2027.042 :   68.0  11.2
2027 02  2027.122 :   65.0  11.2
2027 03  2027.204 :   62.3  11.3
2027 04  2027.286 :   60.3  11.5
