2025 11  2025.875 :  111.3     0
2025 12  2025.958 :  110.1     0
2026 01  2026.042 :  106.2     0
2026 02  2026.125 :   99.9   6.1
2026 03  2026.208 :   97.0   6.6
2026 04  2026.292 :   94.6   7.3
2026 05  2026.375 :   93.0   8.3
2026 06  2026.458 :   91.2   9.1
2026 07  2026.542 :   89.3   9.7
2026 08  2026.625 :   87.3  10.3
2026 09  2026.708 :   85.3  10.8
2026 10  2026.792 :   83.1  11.2
2026 11  2026.875 :   80.7  11.4
2026 12  2026.958 :   78.1  11.6
2027 01  2027.042 :   75.5  11.8
2027 02  2027.125 :   72.9  11.9
2027 03  2027.208 :   70.4  12.0
2027 04  2027.292 :   67.9  12.0
