2025 11  2025.875 : 109.4  11.1
2025 12  2025.958 : 105.4  13.9
2026 01  2026.042 :  98.3  16.7
2026 02  2026.125 :  96.7  19.4
2026 03  2026.208 :  94.9  22.2
2026 04  2026.292 :  93.1  25.0
2026 05  2026.375 :  91.3  27.8
2026 06  2026.458 :  89.2  30.6
2026 07  2026.542 :  87.1  33.3
2026 08  2026.625 :  84.9  36.1
2026 09  2026.708 :  82.7  38.9
2026 10  2026.792 :  80.2  41.7
2026 11  2026.875 :  77.3  44.4
2026 12  2026.958 :  74.5  47.2
2027 01  2027.042 :  71.6  50.0
2027 02  2027.125 :  68.9  52.8
2027 03  2027.208 :  66.3  55.6
2027 04  2027.292 :  63.8  58.3
