2025 11  2025.875 : 108.0  21.6
2025 12  2025.958 : 109.3  21.9
2026 01  2026.042 : 109.8  22.0
2026 02  2026.125 : 110.1  22.0
2026 03  2026.208 : 109.9  22.0
2026 04  2026.292 : 108.7  21.7
2026 05  2026.375 : 107.4  21.5
2026 06  2026.458 : 105.5  21.1
2026 07  2026.542 : 103.4  20.7
2026 08  2026.625 : 101.9  20.4
2026 09  2026.708 : 101.1  20.2
2026 10  2026.792 : 100.1  20.0
2026 11  2026.875 :  98.6  19.7
2026 12  2026.958 :  95.4  19.1
2027 01  2027.042 :  91.6  18.3
2027 02  2027.125 :  87.7  17.5
2027 03  2027.208 :  84.6  16.9
2027 04  2027.292 :  82.1  16.4
