2025 11  2025.873 : 106.0   4.8
2025 12  2025.958 : 104.7   8.3
2026 01  2026.042 : 103.2  12.2
2026 02  2026.122 : 100.9  14.7
2026 03  2026.204 :  97.6  15.3
2026 04  2026.286 :  93.8  14.9
2026 05  2026.371 :  90.4  15.7
2026 06  2026.453 :  86.8  17.4
2026 07  2026.538 :  83.7  19.3
2026 08  2026.623 :  81.4  21.2
2026 09  2026.705 :  79.2  22.9
2026 10  2026.790 :  76.8  24.4
2026 11  2026.873 :  74.0  25.3
2026 12  2026.958 :  70.9  25.3
2027 01  2027.042 :  67.6  24.8
2027 02  2027.122 :  64.2  25.5
2027 03  2027.204 :  61.9  27.1
2027 04  2027.286 :  60.4  29.2
