2021 07  2021.538 :   30.2     0
2021 08  2021.623 :   32.9     0
2021 09  2021.705 :   36.0     0
2021 10  2021.790 :   42.3   3.8
2021 11  2021.873 :   46.1   4.4
2021 12  2021.958 :   50.6   5.2
2022 01  2022.042 :   54.8   6.4
2022 02  2022.122 :   57.8   7.6
2022 03  2022.204 :   59.9   8.6
2022 04  2022.286 :   65.0  10.0
2022 05  2022.371 :   71.0  11.6
2022 06  2022.453 :   75.0  12.8
2022 07  2022.538 :   77.8  13.9
2022 08  2022.623 :   80.2  14.9
2022 09  2022.705 :   82.9  15.9
2022 10  2022.790 :   86.7  17.1
2022 11  2022.873 :   91.3  18.5
2022 12  2022.958 :   94.7  19.7
