2021 07  2021.542 :   31.0     0
2021 08  2021.625 :   32.8     0
2021 09  2021.708 :   39.4     0
2021 10  2021.792 :   42.7   3.8
2021 11  2021.875 :   45.8   4.4
2021 12  2021.958 :   50.1   5.1
2022 01  2022.042 :   52.9   6.3
2022 02  2022.125 :   55.4   7.4
2022 03  2022.208 :   58.6   8.5
2022 04  2022.292 :   62.1   9.7
2022 05  2022.375 :   65.9  10.9
2022 06  2022.458 :   69.4  12.1
2022 07  2022.542 :   72.5  13.2
2022 08  2022.625 :   75.1  14.2
2022 09  2022.708 :   76.7  15.0
2022 10  2022.792 :   77.3  15.6
2022 11  2022.875 :   77.7  16.2
2022 12  2022.958 :   77.8  16.7
