2021 07  2021.542 :  30.7  11.1
2021 08  2021.625 :  34.2  13.9
2021 09  2021.708 :  38.0  16.7
2021 10  2021.792 :  40.4  19.4
2021 11  2021.875 :  42.8  22.2
2021 12  2021.958 :  45.5  25.0
2022 01  2022.042 :  48.0  27.8
2022 02  2022.125 :  50.3  30.6
2022 03  2022.208 :  53.2  33.3
2022 04  2022.292 :  56.4  36.1
2022 05  2022.375 :  59.8  38.9
2022 06  2022.458 :  63.0  41.7
2022 07  2022.542 :  65.8  44.4
2022 08  2022.625 :  68.2  47.2
2022 09  2022.708 :  69.6  50.0
2022 10  2022.792 :  70.2  52.8
2022 11  2022.875 :  70.5  55.6
2022 12  2022.958 :  70.6  58.3
