2021 07  2021.542 :  32.0   6.4
2021 08  2021.625 :  37.8   7.6
2021 09  2021.708 :  44.2   8.8
2021 10  2021.792 :  50.9  10.2
2021 11  2021.875 :  57.7  11.5
2021 12  2021.958 :  64.2  12.8
2022 01  2022.042 :  70.4  14.1
2022 02  2022.125 :  75.7  15.1
2022 03  2022.208 :  80.4  16.1
2022 04  2022.292 :  85.7  17.1
2022 05  2022.375 :  90.8  18.2
2022 06  2022.458 :  96.0  19.2
2022 07  2022.542 : 101.3  20.3
2022 08  2022.625 : 104.4  20.9
2022 09  2022.708 : 106.6  21.3
2022 10  2022.792 : 108.3  21.7
2022 11  2022.875 : 110.7  22.1
2022 12  2022.958 : 112.9  22.6
