2021 05  2021.371 :   27.7     0
2021 06  2021.453 :   30.8     0
2021 07  2021.538 :   34.1     0
2021 08  2021.623 :   35.2   3.6
2021 09  2021.705 :   39.2   4.2
2021 10  2021.790 :   42.6   5.0
2021 11  2021.873 :   45.9   6.2
2021 12  2021.958 :   49.1   7.3
2022 01  2022.042 :   53.2   8.5
2022 02  2022.122 :   56.5   9.7
2022 03  2022.204 :   59.2  10.7
2022 04  2022.286 :   63.6  12.0
2022 05  2022.371 :   68.6  13.5
2022 06  2022.453 :   71.9  14.6
2022 07  2022.538 :   74.2  15.6
2022 08  2022.623 :   76.5  16.6
2022 09  2022.705 :   79.2  17.6
2022 10  2022.790 :   82.5  18.8
