2022 12  2022.958 :  101.2     0
2023 01  2023.042 :  107.8     0
2023 02  2023.125 :  114.0     0
2023 03  2023.208 :  115.9   6.7
2023 04  2023.292 :  119.2   7.6
2023 05  2023.375 :  123.7   8.7
2023 06  2023.458 :  128.5  10.4
2023 07  2023.542 :  133.5  12.0
2023 08  2023.625 :  138.6  13.6
2023 09  2023.708 :  143.7  15.1
2023 10  2023.792 :  149.1  16.6
2023 11  2023.875 :  154.9  18.2
2023 12  2023.958 :  161.2  19.9
2024 01  2024.042 :  167.3  21.4
2024 02  2024.125 :  172.8  22.8
2024 03  2024.208 :  177.2  24.0
2024 04  2024.292 :  180.3  25.0
2024 05  2024.375 :  181.6  25.7
