2022 12  2022.958 :  103.7     0
2023 01  2023.042 :  106.0     0
2023 02  2023.122 :  109.1     0
2023 03  2023.204 :  117.1   6.6
2023 04  2023.286 :  118.4   7.3
2023 05  2023.371 :  118.7   8.3
2023 06  2023.453 :  121.0   9.8
2023 07  2023.538 :  123.3  11.2
2023 08  2023.623 :  125.9  12.5
2023 09  2023.705 :  128.3  13.7
2023 10  2023.790 :  130.4  14.8
2023 11  2023.873 :  132.1  15.9
2023 12  2023.958 :  134.2  17.0
2024 01  2024.042 :  136.3  18.1
2024 02  2024.124 :  137.8  18.9
2024 03  2024.206 :  138.0  19.6
2024 04  2024.288 :  137.6  20.1
2024 05  2024.373 :  137.2  20.7
