2023 09  2023.708 :  126.1     0
2023 10  2023.792 :  125.1     0
2023 11  2023.875 :  117.7     0
2023 12  2023.958 :  118.0   6.6
2024 01  2024.042 :  121.3   7.4
2024 02  2024.125 :  124.7   8.5
2024 03  2024.208 :  128.0  10.0
2024 04  2024.292 :  130.4  11.3
2024 05  2024.375 :  131.9  12.3
2024 06  2024.458 :  132.2  13.3
2024 07  2024.542 :  131.4  14.0
2024 08  2024.625 :  130.0  14.6
2024 09  2024.708 :  128.3  15.2
2024 10  2024.792 :  126.3  15.7
2024 11  2024.875 :  124.2  16.2
2024 12  2024.958 :  121.9  16.6
2025 01  2025.042 :  119.7  16.9
2025 02  2025.125 :  117.3  17.2
