2023 09  2023.708 :  124.5     0
2023 10  2023.792 :  123.1     0
2023 11  2023.875 :  120.6     0
2023 12  2023.958 :  118.9   6.7
2024 01  2024.042 :  119.2   7.4
2024 02  2024.125 :  119.4   8.3
2024 03  2024.208 :  119.1   9.6
2024 04  2024.292 :  118.6  10.7
2024 05  2024.375 :  118.8  11.8
2024 06  2024.458 :  120.1  13.0
2024 07  2024.542 :  122.5  14.3
2024 08  2024.625 :  124.8  15.4
2024 09  2024.708 :  126.6  16.4
2024 10  2024.792 :  127.8  17.2
2024 11  2024.875 :  128.1  17.9
2024 12  2024.958 :  128.0  18.5
2025 01  2025.042 :  127.3  19.0
2025 02  2025.125 :  126.4  19.4
