2023 09  2023.705 :  125.3     0
2023 10  2023.790 :  126.4     0
2023 11  2023.873 :  127.6     0
2023 12  2023.958 :  121.3   6.9
2024 01  2024.042 :  123.3   7.6
2024 02  2024.124 :  123.7   8.5
2024 03  2024.206 :  123.8   9.8
2024 04  2024.288 :  123.5  10.9
2024 05  2024.373 :  123.4  12.0
2024 06  2024.455 :  124.3  13.2
2024 07  2024.540 :  126.1  14.4
2024 08  2024.624 :  127.3  15.3
2024 09  2024.706 :  127.9  16.1
2024 10  2024.791 :  128.1  16.9
2024 11  2024.873 :  127.7  17.5
2024 12  2024.958 :  127.0  18.1
2025 01  2025.042 :  126.3  18.7
2025 02  2025.122 :  125.9  19.3
