2023 09  2023.705 : 125.3   9.1
2023 10  2023.790 : 126.4  16.9
2023 11  2023.873 : 127.6  22.3
2023 12  2023.958 : 129.7  27.6
2024 01  2024.042 : 131.7  32.4
2024 02  2024.124 : 132.2  35.6
2024 03  2024.206 : 131.3  40.0
2024 04  2024.288 : 130.5  44.0
2024 05  2024.373 : 130.5  45.9
2024 06  2024.455 : 132.5  49.9
2024 07  2024.540 : 135.4  52.8
2024 08  2024.624 : 136.3  52.0
2024 09  2024.706 : 136.5  48.9
2024 10  2024.791 : 136.3  47.7
2024 11  2024.873 : 135.5  50.7
2024 12  2024.958 : 134.3  54.4
2025 01  2025.042 : 133.4  56.9
2025 02  2025.122 : 133.3  57.7
