2023 09  2023.708 : 126.0  11.1
2023 10  2023.792 : 124.2  13.9
2023 11  2023.875 : 116.0  16.7
2023 12  2023.958 : 119.6  19.4
2024 01  2024.042 : 123.3  22.2
2024 02  2024.125 : 126.4  25.0
2024 03  2024.208 : 128.9  27.8
2024 04  2024.292 : 130.3  30.6
2024 05  2024.375 : 130.5  33.3
2024 06  2024.458 : 129.6  36.1
2024 07  2024.542 : 127.7  38.9
2024 08  2024.625 : 125.7  41.7
2024 09  2024.708 : 123.6  44.4
2024 10  2024.792 : 121.6  47.2
2024 11  2024.875 : 119.4  50.0
2024 12  2024.958 : 117.0  52.8
2025 01  2025.042 : 114.8  55.6
2025 02  2025.125 : 112.5  58.3
