2023 09  2023.708 : 124.2  24.8
2023 10  2023.792 : 124.0  24.8
2023 11  2023.875 : 123.5  24.7
2023 12  2023.958 : 123.4  24.7
2024 01  2024.042 : 124.1  24.8
2024 02  2024.125 : 124.1  24.8
2024 03  2024.208 : 123.1  24.6
2024 04  2024.292 : 122.4  24.5
2024 05  2024.375 : 123.3  24.7
2024 06  2024.458 : 125.7  25.1
2024 07  2024.542 : 129.2  25.8
2024 08  2024.625 : 131.6  26.3
2024 09  2024.708 : 132.8  26.6
2024 10  2024.792 : 133.1  26.6
2024 11  2024.875 : 132.6  26.5
2024 12  2024.958 : 132.0  26.4
2025 01  2025.042 : 130.6  26.1
2025 02  2025.125 : 129.4  25.9
