2022 12  2022.958 :  100.1     0
2023 01  2023.042 :  105.4     0
2023 02  2023.125 :  110.0     0
2023 03  2023.208 :  113.7   6.6
2023 04  2023.292 :  115.9   7.3
2023 05  2023.375 :  118.5   8.3
2023 06  2023.458 :  120.3   9.7
2023 07  2023.542 :  121.4  11.0
2023 08  2023.625 :  122.2  12.1
2023 09  2023.708 :  122.7  13.1
2023 10  2023.792 :  123.5  14.1
2023 11  2023.875 :  124.3  15.0
2023 12  2023.958 :  125.3  16.0
2024 01  2024.042 :  125.9  16.9
2024 02  2024.125 :  126.4  17.7
2024 03  2024.208 :  126.3  18.3
2024 04  2024.292 :  126.0  19.0
2024 05  2024.375 :  126.6  19.8
