2022 12  2022.958 : 103.7   6.0
2023 01  2023.042 : 106.0  10.8
2023 02  2023.122 : 109.1  16.4
2023 03  2023.204 : 111.8  22.1
2023 04  2023.286 : 113.5  26.5
2023 05  2023.371 : 116.0  29.8
2023 06  2023.453 : 117.8  33.5
2023 07  2023.538 : 120.0  38.5
2023 08  2023.623 : 122.8  43.0
2023 09  2023.705 : 124.9  46.1
2023 10  2023.790 : 126.5  49.1
2023 11  2023.873 : 128.0  51.5
2023 12  2023.958 : 130.4  53.4
2024 01  2024.042 : 132.5  54.6
2024 02  2024.124 : 133.3  55.6
2024 03  2024.206 : 132.5  58.1
2024 04  2024.288 : 131.5  60.2
2024 05  2024.373 : 131.1  60.0
