2022 12  2022.958 : 104.8  11.1
2023 01  2023.042 : 109.9  13.9
2023 02  2023.125 : 115.9  16.7
2023 03  2023.208 : 120.2  19.4
2023 04  2023.292 : 124.8  22.2
2023 05  2023.375 : 129.8  25.0
2023 06  2023.458 : 135.0  27.8
2023 07  2023.542 : 140.4  30.6
2023 08  2023.625 : 145.7  33.3
2023 09  2023.708 : 151.0  36.1
2023 10  2023.792 : 156.7  38.9
2023 11  2023.875 : 163.3  41.7
2023 12  2023.958 : 170.1  44.4
2024 01  2024.042 : 176.2  47.2
2024 02  2024.125 : 181.0  50.0
2024 03  2024.208 : 184.5  52.8
2024 04  2024.292 : 186.3  55.6
2024 05  2024.375 : 185.8  58.3
