2022 12  2022.958 : 102.8  20.6
2023 01  2023.042 : 105.5  21.1
2023 02  2023.125 : 108.7  21.7
2023 03  2023.208 : 111.5  22.3
2023 04  2023.292 : 113.1  22.6
2023 05  2023.375 : 115.1  23.0
2023 06  2023.458 : 116.3  23.3
2023 07  2023.542 : 116.8  23.4
2023 08  2023.625 : 117.1  23.4
2023 09  2023.708 : 117.4  23.5
2023 10  2023.792 : 118.4  23.7
2023 11  2023.875 : 119.0  23.8
2023 12  2023.958 : 120.2  24.0
2024 01  2024.042 : 121.2  24.2
2024 02  2024.125 : 121.6  24.3
2024 03  2024.208 : 121.0  24.2
2024 04  2024.292 : 120.6  24.1
2024 05  2024.375 : 121.9  24.4
