2021 10  2021.790 :   43.5     0
2021 11  2021.873 :   46.7     0
2021 12  2021.958 :   49.5     0
2022 01  2022.042 :   57.2   4.4
2022 02  2022.122 :   60.8   5.1
2022 03  2022.204 :   63.9   5.8
2022 04  2022.286 :   68.7   7.2
2022 05  2022.371 :   74.3   8.7
2022 06  2022.453 :   78.3  10.0
2022 07  2022.538 :   81.7  11.2
2022 08  2022.623 :   84.7  12.3
2022 09  2022.705 :   87.4  13.4
2022 10  2022.790 :   90.9  14.5
2022 11  2022.873 :   95.1  15.8
2022 12  2022.958 :   98.4  17.0
2023 01  2023.042 :  101.1  18.0
2023 02  2023.122 :  105.1  19.3
2023 03  2023.204 :  108.9  20.5
