2021 10  2021.792 :  45.4   9.1
2021 11  2021.875 :  52.3  10.5
2021 12  2021.958 :  58.8  11.8
2022 01  2022.042 :  65.2  13.0
2022 02  2022.125 :  70.6  14.1
2022 03  2022.208 :  75.3  15.1
2022 04  2022.292 :  80.7  16.1
2022 05  2022.375 :  85.9  17.2
2022 06  2022.458 :  91.2  18.2
2022 07  2022.542 :  96.6  19.3
2022 08  2022.625 : 101.3  20.3
2022 09  2022.708 : 105.0  21.0
2022 10  2022.792 : 108.3  21.7
2022 11  2022.875 : 110.7  22.1
2022 12  2022.958 : 112.9  22.6
2023 01  2023.042 : 114.7  22.9
2023 02  2023.125 : 117.1  23.4
2023 03  2023.208 : 119.0  23.8
