2024 02  2024.125 :  127.2     0
2024 03  2024.208 :  126.9     0
2024 04  2024.292 :  130.7     0
2024 05  2024.375 :  142.9   7.4
2024 06  2024.458 :  145.9   8.1
2024 07  2024.542 :  147.1   9.0
2024 08  2024.625 :  145.4  10.5
2024 09  2024.708 :  143.2  11.7
2024 10  2024.792 :  141.0  12.7
2024 11  2024.875 :  138.6  13.6
2024 12  2024.958 :  135.9  14.4
2025 01  2025.042 :  133.2  15.0
2025 02  2025.125 :  130.6  15.6
2025 03  2025.208 :  128.0  16.2
2025 04  2025.292 :  125.7  16.7
2025 05  2025.375 :  123.6  17.2
2025 06  2025.458 :  121.7  17.7
2025 07  2025.542 :  120.1  18.3
