2024 02  2024.125 :  128.6     0
2024 03  2024.208 :  125.8     0
2024 04  2024.292 :  125.0     0
2024 05  2024.375 :  137.9   7.0
2024 06  2024.458 :  142.4   7.8
2024 07  2024.542 :  147.1   9.0
2024 08  2024.625 :  149.5  10.8
2024 09  2024.708 :  151.1  12.2
2024 10  2024.792 :  151.6  13.5
2024 11  2024.875 :  151.2  14.5
2024 12  2024.958 :  150.2  15.4
2025 01  2025.042 :  148.5  16.1
2025 02  2025.125 :  146.6  16.9
2025 03  2025.208 :  146.4  17.8
2025 04  2025.292 :  146.1  18.6
2025 05  2025.375 :  145.0  19.2
2025 06  2025.458 :  143.5  19.7
2025 07  2025.542 :  140.9  20.0
