2024 02  2024.124 :  131.0     0
2024 03  2024.206 :  129.5     0
2024 04  2024.288 :  128.3     0
2024 05  2024.373 :  145.5   7.0
2024 06  2024.455 :  151.2   7.8
2024 07  2024.540 :  146.8   9.0
2024 08  2024.624 :  148.5  10.7
2024 09  2024.706 :  149.6  12.1
2024 10  2024.791 :  150.1  13.4
2024 11  2024.873 :  149.8  14.4
2024 12  2024.958 :  148.9  15.3
2025 01  2025.042 :  147.8  16.2
2025 02  2025.122 :  147.1  17.1
2025 03  2025.204 :  147.5  18.1
2025 04  2025.286 :  147.6  19.0
2025 05  2025.371 :  146.4  19.5
2025 06  2025.453 :  144.5  19.9
2025 07  2025.538 :  141.3  20.0
