2024 02  2024.125 : 131.1  11.1
2024 03  2024.208 : 136.3  13.9
2024 04  2024.292 : 143.4  16.7
2024 05  2024.375 : 143.6  19.4
2024 06  2024.458 : 142.4  22.2
2024 07  2024.542 : 140.4  25.0
2024 08  2024.625 : 138.2  27.8
2024 09  2024.708 : 135.7  30.6
2024 10  2024.792 : 133.4  33.3
2024 11  2024.875 : 130.9  36.1
2024 12  2024.958 : 128.1  38.9
2025 01  2025.042 : 125.4  41.7
2025 02  2025.125 : 122.9  44.4
2025 03  2025.208 : 120.4  47.2
2025 04  2025.292 : 118.3  50.0
2025 05  2025.375 : 116.4  52.8
2025 06  2025.458 : 114.9  55.6
2025 07  2025.542 : 113.7  58.3
