2024 02  2024.124 : 131.0   6.1
2024 03  2024.206 : 129.5  11.6
2024 04  2024.288 : 128.3  17.7
2024 05  2024.373 : 128.3  22.3
2024 06  2024.455 : 129.7  27.9
2024 07  2024.540 : 132.3  32.6
2024 08  2024.624 : 133.5  34.6
2024 09  2024.706 : 134.1  33.7
2024 10  2024.791 : 134.1  33.8
2024 11  2024.873 : 133.2  37.9
2024 12  2024.958 : 131.9  42.7
2025 01  2025.042 : 130.7  45.5
2025 02  2025.122 : 130.4  46.3
2025 03  2025.204 : 131.6  45.9
2025 04  2025.286 : 131.5  44.0
2025 05  2025.371 : 129.4  42.0
2025 06  2025.453 : 127.1  41.9
2025 07  2025.538 : 123.3  42.1
