2024 02  2024.125 : 130.4  26.1
2024 03  2024.208 : 129.0  25.8
2024 04  2024.292 : 128.0  25.6
2024 05  2024.375 : 128.5  25.7
2024 06  2024.458 : 130.5  26.1
2024 07  2024.542 : 133.6  26.7
2024 08  2024.625 : 135.6  27.1
2024 09  2024.708 : 136.5  27.3
2024 10  2024.792 : 136.0  27.2
2024 11  2024.875 : 134.8  27.0
2024 12  2024.958 : 133.5  26.7
2025 01  2025.042 : 131.3  26.3
2025 02  2025.125 : 129.4  25.9
2025 03  2025.208 : 129.9  26.0
2025 04  2025.292 : 129.7  25.9
2025 05  2025.375 : 128.0  25.6
2025 06  2025.458 : 126.3  25.3
2025 07  2025.542 : 123.1  24.6
