2025 09  2025.708 :  119.1     0
2025 10  2025.792 :  117.4     0
2025 11  2025.875 :  114.8     0
2025 12  2025.958 :  112.5   6.6
2026 01  2026.042 :  111.7   7.2
2026 02  2026.125 :  110.7   8.1
2026 03  2026.208 :  110.6   9.3
2026 04  2026.292 :  109.9  10.3
2026 05  2026.375 :  108.8  11.1
2026 06  2026.458 :  107.3  11.8
2026 07  2026.542 :  105.4  12.3
2026 08  2026.625 :  103.7  12.9
2026 09  2026.708 :  102.4  13.5
2026 10  2026.792 :   99.8  13.9
2026 11  2026.875 :   97.1  14.1
2026 12  2026.958 :   94.2  14.3
2027 01  2027.042 :   90.9  14.3
2027 02  2027.125 :   87.4  14.3
