2025 09  2025.708 :  118.1     0
2025 10  2025.792 :  118.2     0
2025 11  2025.875 :  115.5     0
2025 12  2025.958 :  112.6   6.5
2026 01  2026.042 :  110.5   7.1
2026 02  2026.125 :  108.1   7.9
2026 03  2026.208 :  106.6   9.0
2026 04  2026.292 :  105.0   9.9
2026 05  2026.375 :  103.4  10.7
2026 06  2026.458 :  101.6  11.4
2026 07  2026.542 :   99.8  12.0
2026 08  2026.625 :   97.8  12.5
2026 09  2026.708 :   95.7  12.9
2026 10  2026.792 :   93.5  13.3
2026 11  2026.875 :   91.1  13.5
2026 12  2026.958 :   88.5  13.7
2027 01  2027.042 :   85.9  13.9
2027 02  2027.125 :   83.2  14.0
