2025 09  2025.705 :  114.6     0
2025 10  2025.790 :  111.8     0
2025 11  2025.873 :  109.5     0
2025 12  2025.958 :  107.1   6.5
2026 01  2026.042 :  104.3   7.0
2026 02  2026.122 :  105.6   7.8
2026 03  2026.204 :  102.8   8.8
2026 04  2026.286 :   99.4   9.5
2026 05  2026.371 :   95.9  10.0
2026 06  2026.453 :   92.3  10.5
2026 07  2026.538 :   89.0  10.9
2026 08  2026.623 :   86.0  11.3
2026 09  2026.705 :   83.5  11.7
2026 10  2026.790 :   80.9  12.0
2026 11  2026.873 :   78.1  12.2
2026 12  2026.958 :   75.2  12.2
2027 01  2027.042 :   72.2  12.3
2027 02  2027.122 :   69.0  12.2
