2025 09  2025.708 : 113.5  11.1
2025 10  2025.792 : 116.1  13.9
2025 11  2025.875 : 113.1  16.7
2025 12  2025.958 : 111.9  19.4
2026 01  2026.042 : 110.4  22.2
2026 02  2026.125 : 108.9  25.0
2026 03  2026.208 : 107.3  27.8
2026 04  2026.292 : 105.6  30.6
2026 05  2026.375 : 103.8  33.3
2026 06  2026.458 : 101.8  36.1
2026 07  2026.542 :  99.8  38.9
2026 08  2026.625 :  97.6  41.7
2026 09  2026.708 :  95.5  44.4
2026 10  2026.792 :  93.0  47.2
2026 11  2026.875 :  90.2  50.0
2026 12  2026.958 :  87.5  52.8
2027 01  2027.042 :  84.7  55.6
2027 02  2027.125 :  81.9  58.3
