2025 09  2025.708 : 115.0  23.0
2025 10  2025.792 : 113.1  22.6
2025 11  2025.875 : 113.6  22.7
2025 12  2025.958 : 114.6  22.9
2026 01  2026.042 : 114.9  23.0
2026 02  2026.125 : 114.9  23.0
2026 03  2026.208 : 114.5  22.9
2026 04  2026.292 : 113.0  22.6
2026 05  2026.375 : 111.5  22.3
2026 06  2026.458 : 109.4  21.9
2026 07  2026.542 : 107.0  21.4
2026 08  2026.625 : 105.3  21.1
2026 09  2026.708 : 104.3  20.9
2026 10  2026.792 : 101.7  20.3
2026 11  2026.875 :  98.6  19.7
2026 12  2026.958 :  95.4  19.1
2027 01  2027.042 :  91.6  18.3
2027 02  2027.125 :  87.7  17.5
