2021 09  2021.708 :   40.0     0
2021 10  2021.792 :   43.3     0
2021 11  2021.875 :   45.5     0
2021 12  2021.958 :   52.8   4.3
2022 01  2022.042 :   59.7   5.3
2022 02  2022.125 :   67.8   6.5
2022 03  2022.208 :   76.6   8.3
2022 04  2022.292 :   85.9  10.1
2022 05  2022.375 :   95.2  12.1
2022 06  2022.458 :  104.4  14.0
2022 07  2022.542 :  113.6  16.0
2022 08  2022.625 :  123.2  18.0
2022 09  2022.708 :  133.8  20.2
2022 10  2022.792 :  145.3  22.6
2022 11  2022.875 :  158.7  25.3
2022 12  2022.958 :  175.0  28.6
2023 01  2023.042 :  193.5  32.2
2023 02  2023.125 :  212.1  35.9
