2021 09  2021.705 :  38.4   4.3
2021 10  2021.790 :  42.0   9.0
2021 11  2021.873 :  45.2  13.6
2021 12  2021.958 :  48.0  17.3
2022 01  2022.042 :  51.3  21.5
2022 02  2022.122 :  53.6  25.9
2022 03  2022.204 :  55.4  29.1
2022 04  2022.286 :  59.5  31.7
2022 05  2022.371 :  64.6  34.8
2022 06  2022.453 :  68.4  37.9
2022 07  2022.538 :  71.6  41.0
2022 08  2022.623 :  74.4  45.0
2022 09  2022.705 :  76.8  48.7
2022 10  2022.790 :  79.9  52.6
2022 11  2022.873 :  83.8  55.9
2022 12  2022.958 :  86.7  58.5
2023 01  2023.042 :  89.0  62.0
2023 02  2023.122 :  92.7  66.7
