2021 09  2021.708 :  40.4   8.1
2021 10  2021.792 :  47.1   9.4
2021 11  2021.875 :  54.0  10.8
2021 12  2021.958 :  60.6  12.1
2022 01  2022.042 :  66.9  13.4
2022 02  2022.125 :  72.3  14.5
2022 03  2022.208 :  77.0  15.4
2022 04  2022.292 :  82.4  16.5
2022 05  2022.375 :  87.6  17.5
2022 06  2022.458 :  92.8  18.6
2022 07  2022.542 :  98.2  19.6
2022 08  2022.625 : 102.9  20.6
2022 09  2022.708 : 106.6  21.3
2022 10  2022.792 : 108.3  21.7
2022 11  2022.875 : 110.7  22.1
2022 12  2022.958 : 112.9  22.6
2023 01  2023.042 : 114.7  22.9
2023 02  2023.125 : 117.1  23.4
