2022 01  2022.042 :   55.8     0
2022 02  2022.125 :   60.3     0
2022 03  2022.208 :   67.4     0
2022 04  2022.292 :   74.4   5.4
2022 05  2022.375 :   82.6   6.4
2022 06  2022.458 :   90.5   7.7
2022 07  2022.542 :   99.2   9.4
2022 08  2022.625 :  107.9  11.2
2022 09  2022.708 :  116.7  13.0
2022 10  2022.792 :  126.1  14.9
2022 11  2022.875 :  136.1  16.9
2022 12  2022.958 :  147.3  19.1
2023 01  2023.042 :  160.1  21.5
2023 02  2023.125 :  175.1  24.3
2023 03  2023.208 :  191.1  27.1
2023 04  2023.292 :  206.9  29.8
2023 05  2023.375 :  221.7  32.3
2023 06  2023.458 :  235.1  34.7
