2022 01  2022.042 :   59.0     0
2022 02  2022.122 :   61.4     0
2022 03  2022.204 :   63.6     0
2022 04  2022.286 :   74.2   5.1
2022 05  2022.371 :   79.9   5.9
2022 06  2022.453 :   79.3   6.9
2022 07  2022.538 :   83.2   8.3
2022 08  2022.623 :   87.0   9.6
2022 09  2022.705 :   90.3  10.8
2022 10  2022.790 :   93.7  12.1
2022 11  2022.873 :   97.7  13.4
2022 12  2022.958 :  101.4  14.6
2023 01  2023.042 :  104.7  15.7
2023 02  2023.122 :  108.5  16.9
2023 03  2023.204 :  112.3  18.1
2023 04  2023.286 :  115.3  19.1
2023 05  2023.371 :  118.3  20.2
2023 06  2023.453 :  120.7  21.1
