2022 01  2022.042 :   55.4     0
2022 02  2022.125 :   60.6     0
2022 03  2022.208 :   66.6     0
2022 04  2022.292 :   73.5   5.3
2022 05  2022.375 :   79.1   6.1
2022 06  2022.458 :   84.1   7.2
2022 07  2022.542 :   89.6   8.7
2022 08  2022.625 :   94.7  10.2
2022 09  2022.708 :   99.2  11.5
2022 10  2022.792 :  103.1  12.7
2022 11  2022.875 :  107.1  14.0
2022 12  2022.958 :  111.0  15.3
2023 01  2023.042 :  114.6  16.5
2023 02  2023.125 :  116.8  17.5
2023 03  2023.208 :  118.9  18.5
2023 04  2023.292 :  120.3  19.2
2023 05  2023.375 :  121.6  20.0
2023 06  2023.458 :  122.5  20.7
