2024 03  2024.206 :  135.1     0
2024 04  2024.288 :  133.9     0
2024 05  2024.373 :  133.6     0
2024 06  2024.455 :  158.7   7.3
2024 07  2024.540 :  166.9   8.2
2024 08  2024.624 :  159.2   9.3
2024 09  2024.706 :  160.3  11.0
2024 10  2024.791 :  160.7  12.5
2024 11  2024.873 :  160.3  13.7
2024 12  2024.958 :  159.3  14.8
2025 01  2025.042 :  158.0  15.7
2025 02  2025.122 :  157.2  16.7
2025 03  2025.204 :  157.4  17.8
2025 04  2025.286 :  157.5  18.7
2025 05  2025.371 :  156.3  19.3
2025 06  2025.453 :  154.3  19.8
2025 07  2025.538 :  151.0  20.0
2025 08  2025.623 :  146.8  20.1
