2024 03  2024.208 :  132.3     0
2024 04  2024.292 :  135.6     0
2024 05  2024.375 :  143.4     0
2024 06  2024.458 :  156.1   7.7
2024 07  2024.542 :  159.0   8.4
2024 08  2024.625 :  160.0   9.4
2024 09  2024.708 :  157.6  11.0
2024 10  2024.792 :  155.1  12.2
2024 11  2024.875 :  152.4  13.3
2024 12  2024.958 :  149.4  14.2
2025 01  2025.042 :  146.4  15.0
2025 02  2025.125 :  143.4  15.7
2025 03  2025.208 :  140.5  16.3
2025 04  2025.292 :  137.9  16.9
2025 05  2025.375 :  135.6  17.5
2025 06  2025.458 :  133.6  18.1
2025 07  2025.542 :  132.0  18.7
2025 08  2025.625 :  130.3  19.2
