2024 03  2024.208 :  131.4     0
2024 04  2024.292 :  129.4     0
2024 05  2024.375 :  132.4     0
2024 06  2024.458 :  148.6   7.3
2024 07  2024.542 :  155.1   8.2
2024 08  2024.625 :  160.0   9.4
2024 09  2024.708 :  161.4  11.1
2024 10  2024.792 :  161.6  12.5
2024 11  2024.875 :  160.7  13.6
2024 12  2024.958 :  159.3  14.6
2025 01  2025.042 :  157.2  15.4
2025 02  2025.125 :  154.8  16.2
2025 03  2025.208 :  153.3  17.0
2025 04  2025.292 :  153.1  17.9
2025 05  2025.375 :  151.9  18.6
2025 06  2025.458 :  150.3  19.2
2025 07  2025.542 :  147.6  19.5
2025 08  2025.625 :  144.2  19.7
