2024 03  2024.206 : 135.1   5.9
2024 04  2024.288 : 133.9  12.4
2024 05  2024.373 : 133.6  17.5
2024 06  2024.455 : 134.8  23.1
2024 07  2024.540 : 137.0  28.2
2024 08  2024.624 : 137.9  30.7
2024 09  2024.706 : 138.3  30.1
2024 10  2024.791 : 138.2  30.4
2024 11  2024.873 : 137.1  34.6
2024 12  2024.958 : 135.7  39.5
2025 01  2025.042 : 134.3  42.3
2025 02  2025.122 : 133.9  43.3
2025 03  2025.204 : 134.9  43.2
2025 04  2025.286 : 134.7  41.5
2025 05  2025.371 : 132.6  39.9
2025 06  2025.453 : 130.4  40.1
2025 07  2025.538 : 126.7  40.4
2025 08  2025.623 : 122.4  40.9
