2024 03  2024.208 : 136.5  27.3
2024 04  2024.292 : 134.9  27.0
2024 05  2024.375 : 134.9  27.0
2024 06  2024.458 : 136.3  27.3
2024 07  2024.542 : 138.9  27.8
2024 08  2024.625 : 140.3  28.1
2024 09  2024.708 : 140.6  28.1
2024 10  2024.792 : 139.6  27.9
2024 11  2024.875 : 137.8  27.6
2024 12  2024.958 : 135.9  27.2
2025 01  2025.042 : 133.2  26.6
2025 02  2025.125 : 130.7  26.1
2025 03  2025.208 : 129.9  26.0
2025 04  2025.292 : 129.7  25.9
2025 05  2025.375 : 128.0  25.6
2025 06  2025.458 : 126.3  25.3
2025 07  2025.542 : 123.1  24.6
2025 08  2025.625 : 119.8  24.0
