2024 03  2024.208 : 140.0  11.1
2024 04  2024.292 : 148.3  13.9
2024 05  2024.375 : 157.0  16.7
2024 06  2024.458 : 155.5  19.4
2024 07  2024.542 : 153.3  22.2
2024 08  2024.625 : 150.9  25.0
2024 09  2024.708 : 148.3  27.8
2024 10  2024.792 : 145.8  30.6
2024 11  2024.875 : 143.0  33.3
2024 12  2024.958 : 139.9  36.1
2025 01  2025.042 : 137.0  38.9
2025 02  2025.125 : 134.2  41.7
2025 03  2025.208 : 131.4  44.4
2025 04  2025.292 : 129.1  47.2
2025 05  2025.375 : 127.1  50.0
2025 06  2025.458 : 125.5  52.8
2025 07  2025.542 : 124.2  55.6
2025 08  2025.625 : 122.6  58.3
