2021 09  2021.705 :   38.4     0
2021 10  2021.790 :   42.0     0
2021 11  2021.873 :   45.2     0
2021 12  2021.958 :   51.3   4.2
2022 01  2022.042 :   54.9   4.9
2022 02  2022.122 :   57.5   5.7
2022 03  2022.204 :   59.5   6.8
2022 04  2022.286 :   63.9   8.1
2022 05  2022.371 :   69.3   9.6
2022 06  2022.453 :   73.4  10.8
2022 07  2022.538 :   76.9  12.0
2022 08  2022.623 :   79.9  13.1
2022 09  2022.705 :   82.4  14.1
2022 10  2022.790 :   85.8  15.3
2022 11  2022.873 :   89.9  16.6
2022 12  2022.958 :   93.1  17.7
2023 01  2023.042 :   95.5  18.7
2023 02  2023.122 :   99.5  19.9
