2021 09  2021.708 :   41.2     0
2021 10  2021.792 :   46.6     0
2021 11  2021.875 :   49.8     0
2021 12  2021.958 :   55.9   4.6
2022 01  2022.042 :   60.8   5.4
2022 02  2022.125 :   65.2   6.4
2022 03  2022.208 :   69.5   7.7
2022 04  2022.292 :   74.3   9.1
2022 05  2022.375 :   79.0  10.4
2022 06  2022.458 :   83.7  11.8
2022 07  2022.542 :   88.6  13.2
2022 08  2022.625 :   92.8  14.4
2022 09  2022.708 :   96.2  15.6
2022 10  2022.792 :   97.7  16.4
2022 11  2022.875 :   99.8  17.4
2022 12  2022.958 :  101.8  18.3
2023 01  2023.042 :  103.5  19.1
2023 02  2023.125 :  105.6  20.1
