2021 09  2021.708 :  39.1  11.1
2021 10  2021.792 :  43.1  13.9
2021 11  2021.875 :  47.8  16.7
2021 12  2021.958 :  54.9  19.4
2022 01  2022.042 :  63.3  22.2
2022 02  2022.125 :  72.5  25.0
2022 03  2022.208 :  82.0  27.8
2022 04  2022.292 :  91.9  30.6
2022 05  2022.375 : 101.8  33.3
2022 06  2022.458 : 111.7  36.1
2022 07  2022.542 : 121.5  38.9
2022 08  2022.625 : 131.8  41.7
2022 09  2022.708 : 143.1  44.4
2022 10  2022.792 : 155.5  47.2
2022 11  2022.875 : 169.8  50.0
2022 12  2022.958 : 187.2  52.8
2023 01  2023.042 : 207.0  55.6
2023 02  2023.125 : 226.9  58.3
