2024 11  2024.873 :  159.3     0
2024 12  2024.958 :  157.1     0
2025 01  2025.042 :  155.5     0
2025 02  2025.122 :  148.0   7.6
2025 03  2025.204 :  146.4   8.3
2025 04  2025.286 :  146.9   9.3
2025 05  2025.371 :  145.5  10.6
2025 06  2025.453 :  143.7  11.7
2025 07  2025.538 :  141.1  12.6
2025 08  2025.623 :  137.8  13.3
2025 09  2025.705 :  134.3  13.9
2025 10  2025.790 :  130.8  14.4
2025 11  2025.873 :  127.5  14.9
2025 12  2025.958 :  124.5  15.4
2026 01  2026.042 :  121.4  15.7
2026 02  2026.122 :  118.1  16.0
2026 03  2026.204 :  114.3  16.1
2026 04  2026.286 :  110.3  16.1
