2024 11  2024.875 :  158.8     0
2024 12  2024.958 :  156.7     0
2025 01  2025.042 :  152.6     0
2025 02  2025.125 :  148.7   7.5
2025 03  2025.208 :  145.9   8.2
2025 04  2025.292 :  143.4   9.1
2025 05  2025.375 :  140.3  10.3
2025 06  2025.458 :  136.9  11.3
2025 07  2025.542 :  132.5  12.0
2025 08  2025.625 :  127.6  12.5
2025 09  2025.708 :  123.4  13.1
2025 10  2025.792 :  120.3  13.7
2025 11  2025.875 :  117.7  14.3
2025 12  2025.958 :  117.3  15.1
2026 01  2026.042 :  117.0  15.8
2026 02  2026.125 :  116.5  16.4
2026 03  2026.208 :  115.6  16.9
2026 04  2026.292 :  114.2  17.3
