2024 11  2024.875 :  161.6     0
2024 12  2024.958 :  157.8     0
2025 01  2025.042 :  151.3     0
2025 02  2025.125 :  148.2   7.4
2025 03  2025.208 :  145.0   8.1
2025 04  2025.292 :  142.2   8.9
2025 05  2025.375 :  139.8  10.3
2025 06  2025.458 :  137.7  11.4
2025 07  2025.542 :  135.8  12.4
2025 08  2025.625 :  134.0  13.2
2025 09  2025.708 :  132.2  14.0
2025 10  2025.792 :  130.4  14.7
2025 11  2025.875 :  128.6  15.4
2025 12  2025.958 :  126.7  15.9
2026 01  2026.042 :  124.8  16.4
2026 02  2026.125 :  122.8  16.9
2026 03  2026.208 :  120.7  17.3
2026 04  2026.292 :  118.6  17.6
