2024 11  2024.875 : 160.2  32.0
2024 12  2024.958 : 157.4  31.5
2025 01  2025.042 : 153.7  30.7
2025 02  2025.125 : 150.3  30.1
2025 03  2025.208 : 148.5  29.7
2025 04  2025.292 : 146.1  29.2
2025 05  2025.375 : 142.1  28.4
2025 06  2025.458 : 138.2  27.6
2025 07  2025.542 : 132.6  26.5
2025 08  2025.625 : 127.0  25.4
2025 09  2025.708 : 123.5  24.7
2025 10  2025.792 : 121.3  24.3
2025 11  2025.875 : 119.1  23.8
2025 12  2025.958 : 118.8  23.8
2026 01  2026.042 : 118.6  23.7
2026 02  2026.125 : 117.9  23.6
2026 03  2026.208 : 116.6  23.3
2026 04  2026.292 : 114.6  22.9
