2024 11  2024.873 : 159.3   6.5
2024 12  2024.958 : 157.1  14.3
2025 01  2025.042 : 155.5  19.5
2025 02  2025.122 : 154.4  22.4
2025 03  2025.204 : 154.1  24.8
2025 04  2025.286 : 153.2  26.3
2025 05  2025.371 : 150.9  28.9
2025 06  2025.453 : 148.5  32.3
2025 07  2025.538 : 144.9  34.0
2025 08  2025.623 : 140.7  34.3
2025 09  2025.705 : 136.9  34.4
2025 10  2025.790 : 133.3  35.5
2025 11  2025.873 : 130.0  35.7
2025 12  2025.958 : 127.2  33.1
2026 01  2026.042 : 123.8  30.5
2026 02  2026.122 : 120.0  28.9
2026 03  2026.204 : 115.5  27.4
2026 04  2026.286 : 111.0  27.1
