2024 11  2024.875 : 160.7  11.1
2024 12  2024.958 : 152.5  13.9
2025 01  2025.042 : 148.0  16.7
2025 02  2025.125 : 145.0  19.4
2025 03  2025.208 : 142.1  22.2
2025 04  2025.292 : 139.6  25.0
2025 05  2025.375 : 137.5  27.8
2025 06  2025.458 : 135.7  30.6
2025 07  2025.542 : 134.0  33.3
2025 08  2025.625 : 132.3  36.1
2025 09  2025.708 : 130.5  38.9
2025 10  2025.792 : 128.7  41.7
2025 11  2025.875 : 126.8  44.4
2025 12  2025.958 : 124.9  47.2
2026 01  2026.042 : 122.9  50.0
2026 02  2026.125 : 120.9  52.8
2026 03  2026.208 : 118.7  55.6
2026 04  2026.292 : 116.4  58.3
