2021 05  2021.375 :   27.4     0
2021 06  2021.458 :   30.7     0
2021 07  2021.542 :   35.1     0
2021 08  2021.625 :   36.4   3.7
2021 09  2021.708 :   42.0   4.4
2021 10  2021.792 :   46.8   5.5
2021 11  2021.875 :   52.5   6.8
2021 12  2021.958 :   57.7   8.3
2022 01  2022.042 :   62.8   9.7
2022 02  2022.125 :   67.2  11.0
2022 03  2022.208 :   71.0  12.2
2022 04  2022.292 :   75.3  13.5
2022 05  2022.375 :   79.5  14.8
2022 06  2022.458 :   82.6  15.9
2022 07  2022.542 :   85.8  17.0
2022 08  2022.625 :   88.5  18.1
2022 09  2022.708 :   90.3  18.9
2022 10  2022.792 :   91.8  19.7
