2021 05  2021.375 :   24.3     0
2021 06  2021.458 :   26.8     0
2021 07  2021.542 :   31.2     0
2021 08  2021.625 :   34.0   3.5
2021 09  2021.708 :   37.3   4.0
2021 10  2021.792 :   39.7   4.7
2021 11  2021.875 :   42.0   5.8
2021 12  2021.958 :   44.8   6.8
2022 01  2022.042 :   47.3   7.8
2022 02  2022.125 :   49.3   8.7
2022 03  2022.208 :   52.4   9.8
2022 04  2022.292 :   55.9  11.0
2022 05  2022.375 :   60.0  12.3
2022 06  2022.458 :   63.8  13.6
2022 07  2022.542 :   67.1  14.7
2022 08  2022.625 :   69.9  15.8
2022 09  2022.708 :   71.2  16.5
2022 10  2022.792 :   71.3  17.0
