2021 05  2021.375 :  27.9   5.6
2021 06  2021.458 :  32.2   6.4
2021 07  2021.542 :  37.0   7.4
2021 08  2021.625 :  42.5   8.5
2021 09  2021.708 :  48.8   9.8
2021 10  2021.792 :  55.2  11.0
2021 11  2021.875 :  61.9  12.4
2021 12  2021.958 :  68.1  13.6
2022 01  2022.042 :  74.1  14.8
2022 02  2022.125 :  79.3  15.9
2022 03  2022.208 :  83.8  16.8
2022 04  2022.292 :  88.9  17.8
2022 05  2022.375 :  93.8  18.8
2022 06  2022.458 :  97.5  19.5
2022 07  2022.542 : 101.3  20.3
2022 08  2022.625 : 104.4  20.9
2022 09  2022.708 : 106.6  21.3
2022 10  2022.792 : 108.3  21.7
