2021 05  2021.371 :  27.7   4.6
2021 06  2021.453 :  30.8   8.9
2021 07  2021.538 :  34.1  13.8
2021 08  2021.623 :  37.5  17.7
2021 09  2021.705 :  41.0  20.3
2021 10  2021.790 :  45.0  24.2
2021 11  2021.873 :  48.5  28.2
2021 12  2021.958 :  51.9  32.4
2022 01  2022.042 :  56.2  37.9
2022 02  2022.122 :  59.7  43.9
2022 03  2022.204 :  62.5  48.6
2022 04  2022.286 :  67.2  51.7
2022 05  2022.371 :  72.4  53.8
2022 06  2022.453 :  75.9  55.5
2022 07  2022.538 :  78.4  56.9
2022 08  2022.623 :  80.8  59.7
2022 09  2022.705 :  83.6  63.8
2022 10  2022.790 :  87.1  67.5
