2023 06  2023.458 :  127.1     0
2023 07  2023.542 :  131.7     0
2023 08  2023.625 :  135.5     0
2023 09  2023.708 :  130.3   7.2
2023 10  2023.792 :  131.6   8.0
2023 11  2023.875 :  134.7   9.1
2023 12  2023.958 :  140.1  10.8
2024 01  2024.042 :  145.6  12.4
2024 02  2024.125 :  150.6  13.8
2024 03  2024.208 :  154.8  15.1
2024 04  2024.292 :  157.8  16.2
2024 05  2024.375 :  159.4  17.1
2024 06  2024.458 :  159.4  17.8
2024 07  2024.542 :  158.3  18.3
2024 08  2024.625 :  156.5  18.8
2024 09  2024.708 :  154.3  19.3
2024 10  2024.792 :  151.9  19.7
2024 11  2024.875 :  149.3  20.0
