2023 06  2023.458 :  123.6     0
2023 07  2023.542 :  127.2     0
2023 08  2023.625 :  128.0     0
2023 09  2023.708 :  125.0   6.9
2023 10  2023.792 :  123.2   7.6
2023 11  2023.875 :  122.1   8.5
2023 12  2023.958 :  122.0   9.8
2024 01  2024.042 :  122.4  11.0
2024 02  2024.125 :  122.8  12.0
2024 03  2024.208 :  122.6  12.9
2024 04  2024.292 :  122.2  13.7
2024 05  2024.375 :  122.6  14.7
2024 06  2024.458 :  124.1  15.8
2024 07  2024.542 :  126.8  17.0
2024 08  2024.625 :  129.5  18.1
2024 09  2024.708 :  131.7  19.0
2024 10  2024.792 :  133.0  19.7
2024 11  2024.875 :  133.4  20.3
