2023 06  2023.453 :  125.3     0
2023 07  2023.538 :  126.8     0
2023 08  2023.623 :  129.0     0
2023 09  2023.705 :  125.0   7.1
2023 10  2023.790 :  122.9   7.8
2023 11  2023.873 :  127.5   8.8
2023 12  2023.958 :  129.3  10.2
2024 01  2024.042 :  131.1  11.5
2024 02  2024.124 :  132.2  12.6
2024 03  2024.206 :  132.5  13.5
2024 04  2024.288 :  132.2  14.3
2024 05  2024.373 :  132.0  15.2
2024 06  2024.455 :  132.7  16.2
2024 07  2024.540 :  134.1  17.2
2024 08  2024.624 :  135.1  18.0
2024 09  2024.706 :  135.6  18.7
2024 10  2024.791 :  135.7  19.4
2024 11  2024.873 :  135.4  19.9
