2023 03  2023.208 : 123.4  11.1
2023 04  2023.292 : 131.2  13.9
2023 05  2023.375 : 132.2  16.7
2023 06  2023.458 : 137.7  19.4
2023 07  2023.542 : 143.3  22.2
2023 08  2023.625 : 148.9  25.0
2023 09  2023.708 : 154.4  27.8
2023 10  2023.792 : 160.4  30.6
2023 11  2023.875 : 167.2  33.3
2023 12  2023.958 : 174.0  36.1
2024 01  2024.042 : 180.2  38.9
2024 02  2024.125 : 184.9  41.7
2024 03  2024.208 : 188.4  44.4
2024 04  2024.292 : 189.9  47.2
2024 05  2024.375 : 189.3  50.0
2024 06  2024.458 : 187.0  52.8
2024 07  2024.542 : 184.3  55.6
2024 08  2024.625 : 181.4  58.3
