2023 07  2023.542 :  125.3     0
2023 08  2023.625 :  125.9     0
2023 09  2023.708 :  126.8     0
2023 10  2023.792 :  121.3   6.8
2023 11  2023.875 :  119.7   7.5
2023 12  2023.958 :  119.0   8.3
2024 01  2024.042 :  119.3   9.7
2024 02  2024.125 :  119.6  10.8
2024 03  2024.208 :  119.3  11.8
2024 04  2024.292 :  118.9  12.6
2024 05  2024.375 :  119.2  13.6
2024 06  2024.458 :  120.6  14.7
2024 07  2024.542 :  123.0  15.9
2024 08  2024.625 :  125.6  17.0
2024 09  2024.708 :  127.7  17.9
2024 10  2024.792 :  129.0  18.7
2024 11  2024.875 :  129.4  19.3
2024 12  2024.958 :  129.3  19.8
