2023 07  2023.542 : 124.4  24.9
2023 08  2023.625 : 123.6  24.7
2023 09  2023.708 : 122.8  24.6
2023 10  2023.792 : 122.7  24.5
2023 11  2023.875 : 122.2  24.4
2023 12  2023.958 : 122.2  24.4
2024 01  2024.042 : 122.9  24.6
2024 02  2024.125 : 123.1  24.6
2024 03  2024.208 : 122.1  24.4
2024 04  2024.292 : 121.5  24.3
2024 05  2024.375 : 122.5  24.5
2024 06  2024.458 : 124.9  25.0
2024 07  2024.542 : 128.5  25.7
2024 08  2024.625 : 131.2  26.2
2024 09  2024.708 : 132.8  26.6
2024 10  2024.792 : 133.1  26.6
2024 11  2024.875 : 132.6  26.5
2024 12  2024.958 : 132.0  26.4
