2023 07  2023.538 : 126.4   8.9
2023 08  2023.623 : 128.5  17.7
2023 09  2023.705 : 130.1  24.5
2023 10  2023.790 : 131.4  30.7
2023 11  2023.873 : 132.8  35.4
2023 12  2023.958 : 134.9  39.5
2024 01  2024.042 : 136.7  43.0
2024 02  2024.124 : 137.2  45.4
2024 03  2024.206 : 136.4  49.4
2024 04  2024.288 : 135.7  53.0
2024 05  2024.373 : 135.6  54.2
2024 06  2024.455 : 137.3  57.0
2024 07  2024.540 : 139.9  58.8
2024 08  2024.624 : 140.5  57.2
2024 09  2024.706 : 140.4  53.7
2024 10  2024.791 : 140.1  52.5
2024 11  2024.873 : 139.3  55.3
2024 12  2024.958 : 138.2  58.7
