2024 01  2024.042 :  130.7     0
2024 02  2024.124 :  130.8     0
2024 03  2024.206 :  129.4     0
2024 04  2024.288 :  136.2   6.9
2024 05  2024.373 :  140.2   7.6
2024 06  2024.455 :  136.3   8.7
2024 07  2024.540 :  138.2  10.4
2024 08  2024.624 :  139.7  11.8
2024 09  2024.706 :  140.7  13.1
2024 10  2024.791 :  141.2  14.1
2024 11  2024.873 :  140.9  15.1
2024 12  2024.958 :  140.1  15.9
2025 01  2025.042 :  139.1  16.6
2025 02  2025.122 :  138.4  17.4
2025 03  2025.204 :  138.8  18.4
2025 04  2025.286 :  138.9  19.2
2025 05  2025.371 :  137.8  19.6
2025 06  2025.453 :  135.9  19.9
