2024 01  2024.042 :  123.9     0
2024 02  2024.125 :  122.6     0
2024 03  2024.208 :  123.5     0
2024 04  2024.292 :  131.9   7.1
2024 05  2024.375 :  135.5   7.8
2024 06  2024.458 :  137.0   8.8
2024 07  2024.542 :  136.1  10.2
2024 08  2024.625 :  134.5  11.4
2024 09  2024.708 :  132.6  12.3
2024 10  2024.792 :  130.6  13.2
2024 11  2024.875 :  128.4  13.9
2024 12  2024.958 :  126.0  14.6
2025 01  2025.042 :  123.6  15.2
2025 02  2025.125 :  121.3  15.7
2025 03  2025.208 :  119.0  16.2
2025 04  2025.292 :  116.8  16.6
2025 05  2025.375 :  114.7  17.0
2025 06  2025.458 :  112.9  17.5
