2024 01  2024.042 :  127.4     0
2024 02  2024.125 :  126.5     0
2024 03  2024.208 :  123.5     0
2024 04  2024.292 :  130.3   6.9
2024 05  2024.375 :  133.1   7.6
2024 06  2024.458 :  135.8   8.7
2024 07  2024.542 :  138.1  10.4
2024 08  2024.625 :  140.4  11.9
2024 09  2024.708 :  142.0  13.2
2024 10  2024.792 :  142.6  14.3
2024 11  2024.875 :  142.2  15.1
2024 12  2024.958 :  141.3  15.9
2025 01  2025.042 :  139.8  16.6
2025 02  2025.125 :  138.7  17.3
2025 03  2025.208 :  138.5  18.2
2025 04  2025.292 :  138.3  18.9
2025 05  2025.375 :  137.2  19.4
2025 06  2025.458 :  135.8  19.9
