2024 01  2024.042 : 130.7   7.8
2024 02  2024.124 : 130.8  13.2
2024 03  2024.206 : 129.4  18.3
2024 04  2024.288 : 128.4  23.7
2024 05  2024.373 : 128.4  27.7
2024 06  2024.455 : 129.9  33.0
2024 07  2024.540 : 132.6  37.2
2024 08  2024.624 : 133.7  38.4
2024 09  2024.706 : 134.3  37.0
2024 10  2024.791 : 134.3  36.8
2024 11  2024.873 : 133.4  40.7
2024 12  2024.958 : 132.2  45.2
2025 01  2025.042 : 131.0  47.8
2025 02  2025.122 : 130.7  48.6
2025 03  2025.204 : 131.9  48.0
2025 04  2025.286 : 131.8  46.0
2025 05  2025.371 : 129.6  44.0
2025 06  2025.453 : 127.2  43.6
