2024 01  2024.042 : 125.5  11.1
2024 02  2024.125 : 126.7  13.9
2024 03  2024.208 : 133.3  16.7
2024 04  2024.292 : 134.7  19.4
2024 05  2024.375 : 135.0  22.2
2024 06  2024.458 : 134.0  25.0
2024 07  2024.542 : 132.1  27.8
2024 08  2024.625 : 130.0  30.6
2024 09  2024.708 : 127.8  33.3
2024 10  2024.792 : 125.7  36.1
2024 11  2024.875 : 123.3  38.9
2024 12  2024.958 : 120.8  41.7
2025 01  2025.042 : 118.4  44.4
2025 02  2025.125 : 116.1  47.2
2025 03  2025.208 : 113.8  50.0
2025 04  2025.292 : 111.8  52.8
2025 05  2025.375 : 109.9  55.6
2025 06  2025.458 : 108.4  58.3
