2024 01  2024.042 : 129.8  26.0
2024 02  2024.125 : 129.5  25.9
2024 03  2024.208 : 128.1  25.6
2024 04  2024.292 : 127.1  25.4
2024 05  2024.375 : 127.7  25.5
2024 06  2024.458 : 129.7  25.9
2024 07  2024.542 : 132.8  26.6
2024 08  2024.625 : 134.8  27.0
2024 09  2024.708 : 135.7  27.1
2024 10  2024.792 : 135.3  27.1
2024 11  2024.875 : 134.0  26.8
2024 12  2024.958 : 132.7  26.5
2025 01  2025.042 : 130.6  26.1
2025 02  2025.125 : 129.4  25.9
2025 03  2025.208 : 129.9  26.0
2025 04  2025.292 : 129.7  25.9
2025 05  2025.375 : 128.0  25.6
2025 06  2025.458 : 126.3  25.3
