2021 07  2021.542 :   32.2     0
2021 08  2021.625 :   35.7     0
2021 09  2021.708 :   43.8     0
2021 10  2021.792 :   46.0   4.1
2021 11  2021.875 :   51.6   4.9
2021 12  2021.958 :   58.2   5.9
2022 01  2022.042 :   63.8   7.3
2022 02  2022.125 :   68.6   8.7
2022 03  2022.208 :   72.9  10.0
2022 04  2022.292 :   77.7  11.3
2022 05  2022.375 :   82.3  12.7
2022 06  2022.458 :   87.0  14.0
2022 07  2022.542 :   91.8  15.4
2022 08  2022.625 :   94.6  16.5
2022 09  2022.708 :   96.6  17.4
2022 10  2022.792 :   98.2  18.2
2022 11  2022.875 :  100.4  19.2
2022 12  2022.958 :  102.3  20.1
