2021 07  2021.538 :  30.2   5.5
2021 08  2021.623 :  32.9   9.2
2021 09  2021.705 :  36.0  11.8
2021 10  2021.790 :  39.5  15.9
2021 11  2021.873 :  42.6  20.3
2021 12  2021.958 :  45.5  24.7
2022 01  2022.042 :  49.2  30.1
2022 02  2022.122 :  51.9  35.4
2022 03  2022.204 :  53.8  39.4
2022 04  2022.286 :  58.4  42.8
2022 05  2022.371 :  63.8  45.7
2022 06  2022.453 :  67.4  48.0
2022 07  2022.538 :  69.9  49.8
2022 08  2022.623 :  72.1  52.6
2022 09  2022.705 :  74.5  56.5
2022 10  2022.790 :  77.9  60.6
2022 11  2022.873 :  82.0  64.0
2022 12  2022.958 :  85.1  66.9
