2021 03  2021.204 :   22.1     0
2021 04  2021.286 :   25.6     0
2021 05  2021.371 :   28.8     0
2021 06  2021.453 :   27.6   3.3
2021 07  2021.538 :   30.2   3.8
2021 08  2021.623 :   32.3   4.6
2021 09  2021.705 :   35.6   5.7
2021 10  2021.790 :   39.3   6.9
2021 11  2021.873 :   42.4   8.0
2021 12  2021.958 :   45.3   9.0
2022 01  2022.042 :   49.2  10.3
2022 02  2022.122 :   52.5  11.5
2022 03  2022.204 :   54.9  12.4
2022 04  2022.286 :   58.6  13.7
2022 05  2022.371 :   62.7  15.1
2022 06  2022.453 :   65.7  16.2
2022 07  2022.538 :   67.9  17.2
2022 08  2022.623 :   70.4  18.2
