2021 03  2021.208 :  21.7  11.1
2021 04  2021.292 :  20.5  13.9
2021 05  2021.375 :  23.0  16.7
2021 06  2021.458 :  25.0  19.4
2021 07  2021.542 :  26.8  22.2
2021 08  2021.625 :  29.0  25.0
2021 09  2021.708 :  31.0  27.8
2021 10  2021.792 :  33.3  30.6
2021 11  2021.875 :  35.2  33.3
2021 12  2021.958 :  37.7  36.1
2022 01  2022.042 :  39.7  38.9
2022 02  2022.125 :  40.9  41.7
2022 03  2022.208 :  44.0  44.4
2022 04  2022.292 :  47.7  47.2
2022 05  2022.375 :  52.3  50.0
2022 06  2022.458 :  57.0  52.8
2022 07  2022.542 :  60.6  55.6
2022 08  2022.625 :  63.7  58.3
