2021 04  2021.286 :   25.2     0
2021 05  2021.371 :   28.3     0
2021 06  2021.453 :   31.5     0
2021 07  2021.538 :   32.7   3.4
2021 08  2021.623 :   35.9   4.0
2021 09  2021.705 :   40.3   4.7
2021 10  2021.790 :   44.4   6.0
2021 11  2021.873 :   47.9   7.1
2021 12  2021.958 :   51.2   8.3
2022 01  2022.042 :   55.5   9.6
2022 02  2022.122 :   59.1  10.7
2022 03  2022.204 :   61.9  11.8
2022 04  2022.286 :   66.2  13.1
2022 05  2022.371 :   71.0  14.6
2022 06  2022.453 :   74.3  15.7
2022 07  2022.538 :   76.9  16.7
2022 08  2022.623 :   79.5  17.8
2022 09  2022.705 :   82.4  18.8
