2021 04  2021.286 :  25.2   3.7
2021 05  2021.371 :  28.3   8.0
2021 06  2021.453 :  31.5  11.8
2021 07  2021.538 :  34.9  16.2
2021 08  2021.623 :  38.4  20.0
2021 09  2021.705 :  42.1  23.1
2021 10  2021.790 :  46.4  27.4
2021 11  2021.873 :  50.1  31.7
2021 12  2021.958 :  53.5  35.8
2022 01  2022.042 :  58.0  41.4
2022 02  2022.122 :  61.8  47.5
2022 03  2022.204 :  64.7  52.3
2022 04  2022.286 :  69.2  54.8
2022 05  2022.371 :  74.2  56.4
2022 06  2022.453 :  77.7  58.1
2022 07  2022.538 :  80.4  59.8
2022 08  2022.623 :  83.1  63.2
2022 09  2022.705 :  86.1  67.4
