2025 06  2025.453 :  126.3     0
2025 07  2025.538 :  122.7     0
2025 08  2025.623 :  118.5     0
2025 09  2025.705 :  116.6   6.7
2025 10  2025.790 :  112.5   7.3
2025 11  2025.873 :  114.0   8.1
2025 12  2025.958 :  111.9   9.2
2026 01  2026.042 :  109.9  10.2
2026 02  2026.122 :  107.6  10.9
2026 03  2026.204 :  104.6  11.5
2026 04  2026.286 :  101.1  11.8
2026 05  2026.371 :   97.4  12.2
2026 06  2026.453 :   93.7  12.4
2026 07  2026.538 :   90.1  12.7
2026 08  2026.623 :   87.1  13.0
2026 09  2026.705 :   84.5  13.3
2026 10  2026.790 :   81.9  13.4
2026 11  2026.873 :   79.2  13.5
