2025 06  2025.458 :  126.9     0
2025 07  2025.542 :  121.6     0
2025 08  2025.625 :  119.4     0
2025 09  2025.708 :  118.8   6.7
2025 10  2025.792 :  116.5   7.3
2025 11  2025.875 :  114.1   8.2
2025 12  2025.958 :  112.6   9.3
2026 01  2026.042 :  111.1  10.3
2026 02  2026.125 :  109.6  11.2
2026 03  2026.208 :  108.0  11.9
2026 04  2026.292 :  106.4  12.6
2026 05  2026.375 :  104.6  13.1
2026 06  2026.458 :  102.7  13.6
2026 07  2026.542 :  100.8  14.1
2026 08  2026.625 :   98.7  14.4
2026 09  2026.708 :   96.6  14.8
2026 10  2026.792 :   94.2  15.0
2026 11  2026.875 :   91.7  15.1
