2025 06  2025.458 : 124.2  11.1
2025 07  2025.542 : 118.9  13.9
2025 08  2025.625 : 117.2  16.7
2025 09  2025.708 : 115.1  19.4
2025 10  2025.792 : 113.2  22.2
2025 11  2025.875 : 111.7  25.0
2025 12  2025.958 : 110.5  27.8
2026 01  2026.042 : 109.0  30.6
2026 02  2026.125 : 107.4  33.3
2026 03  2026.208 : 105.8  36.1
2026 04  2026.292 : 104.2  38.9
2026 05  2026.375 : 102.3  41.7
2026 06  2026.458 : 100.3  44.4
2026 07  2026.542 :  98.3  47.2
2026 08  2026.625 :  96.2  50.0
2026 09  2026.708 :  94.0  52.8
2026 10  2026.792 :  91.5  55.6
2026 11  2026.875 :  88.7  58.3
