2025 06  2025.453 : 126.3   6.9
2025 07  2025.538 : 122.7  11.4
2025 08  2025.623 : 118.5  12.6
2025 09  2025.705 : 114.8  12.6
2025 10  2025.790 : 111.9  15.0
2025 11  2025.873 : 109.7  16.9
2025 12  2025.958 : 108.2  17.9
2026 01  2026.042 : 106.5  19.1
2026 02  2026.122 : 103.9  19.7
2026 03  2026.204 : 100.4  19.7
2026 04  2026.286 :  96.5  19.4
2026 05  2026.371 :  92.9  19.1
2026 06  2026.453 :  89.1  19.5
2026 07  2026.538 :  85.8  21.0
2026 08  2026.623 :  83.5  23.0
2026 09  2026.705 :  81.3  24.4
2026 10  2026.790 :  78.7  25.2
2026 11  2026.873 :  75.8  26.1
