2025 06  2025.458 : 126.9  25.4
2025 07  2025.542 : 126.5  25.3
2025 08  2025.625 : 123.8  24.8
2025 09  2025.708 : 120.2  24.0
2025 10  2025.792 : 118.2  23.6
2025 11  2025.875 : 118.5  23.7
2025 12  2025.958 : 119.4  23.9
2026 01  2026.042 : 119.6  23.9
2026 02  2026.125 : 119.4  23.9
2026 03  2026.208 : 118.8  23.8
2026 04  2026.292 : 117.3  23.5
2026 05  2026.375 : 115.6  23.1
2026 06  2026.458 : 113.4  22.7
2026 07  2026.542 : 109.7  21.9
2026 08  2026.625 : 106.6  21.3
2026 09  2026.708 : 104.3  20.9
2026 10  2026.792 : 101.7  20.3
2026 11  2026.875 :  98.6  19.7
