2021 06  2021.458 :   29.1     0
2021 07  2021.542 :   34.0     0
2021 08  2021.625 :   36.1     0
2021 09  2021.708 :   39.7   3.9
2021 10  2021.792 :   43.8   4.7
2021 11  2021.875 :   48.4   5.7
2021 12  2021.958 :   53.5   7.1
2022 01  2022.042 :   58.5   8.5
2022 02  2022.125 :   62.8   9.7
2022 03  2022.208 :   66.5  10.9
2022 04  2022.292 :   70.7  12.2
2022 05  2022.375 :   74.8  13.5
2022 06  2022.458 :   79.0  14.8
2022 07  2022.542 :   82.1  15.9
2022 08  2022.625 :   84.6  16.9
2022 09  2022.708 :   86.4  17.7
2022 10  2022.792 :   87.7  18.5
2022 11  2022.875 :   89.7  19.4
