2021 06  2021.458 :  29.4   5.9
2021 07  2021.542 :  34.3   6.9
2021 08  2021.625 :  39.9   8.0
2021 09  2021.708 :  46.3   9.3
2021 10  2021.792 :  52.9  10.6
2021 11  2021.875 :  59.7  11.9
2021 12  2021.958 :  66.1  13.2
2022 01  2022.042 :  72.2  14.4
2022 02  2022.125 :  77.5  15.5
2022 03  2022.208 :  82.1  16.4
2022 04  2022.292 :  87.3  17.5
2022 05  2022.375 :  92.4  18.5
2022 06  2022.458 :  97.5  19.5
2022 07  2022.542 : 101.3  20.3
2022 08  2022.625 : 104.4  20.9
2022 09  2022.708 : 106.6  21.3
2022 10  2022.792 : 108.3  21.7
2022 11  2022.875 : 110.7  22.1
