2021 06  2021.453 :  28.5   4.6
2021 07  2021.538 :  31.4  10.2
2021 08  2021.623 :  34.5  14.0
2021 09  2021.705 :  37.6  16.5
2021 10  2021.790 :  41.3  20.3
2021 11  2021.873 :  44.5  24.3
2021 12  2021.958 :  47.6  28.7
2022 01  2022.042 :  51.7  34.4
2022 02  2022.122 :  54.7  40.0
2022 03  2022.204 :  57.1  44.6
2022 04  2022.286 :  61.9  48.1
2022 05  2022.371 :  67.3  50.8
2022 06  2022.453 :  70.9  52.7
2022 07  2022.538 :  73.2  54.1
2022 08  2022.623 :  75.3  56.7
2022 09  2022.705 :  77.8  60.7
2022 10  2022.790 :  81.4  64.8
2022 11  2022.873 :  85.6  68.1
