2021 12  2021.958 :   51.5     0
2022 01  2022.042 :   57.3     0
2022 02  2022.125 :   62.6     0
2022 03  2022.208 :   69.7   5.1
2022 04  2022.292 :   75.6   5.9
2022 05  2022.375 :   81.4   7.0
2022 06  2022.458 :   86.9   8.5
2022 07  2022.542 :   92.3  10.1
2022 08  2022.625 :   97.4  11.5
2022 09  2022.708 :  101.9  12.8
2022 10  2022.792 :  105.7  14.1
2022 11  2022.875 :  109.5  15.4
2022 12  2022.958 :  113.4  16.6
2023 01  2023.042 :  115.4  17.6
2023 02  2023.125 :  117.7  18.7
2023 03  2023.208 :  119.7  19.6
2023 04  2023.292 :  121.2  20.4
2023 05  2023.375 :  122.4  21.2
