2021 12  2021.958 :   51.1     0
2022 01  2022.042 :   55.8     0
2022 02  2022.125 :   61.5     0
2022 03  2022.208 :   69.3   5.2
2022 04  2022.292 :   78.2   6.2
2022 05  2022.375 :   87.3   7.5
2022 06  2022.458 :   96.5   9.3
2022 07  2022.542 :  105.7  11.2
2022 08  2022.625 :  115.0  13.1
2022 09  2022.708 :  124.5  15.0
2022 10  2022.792 :  134.6  17.1
2022 11  2022.875 :  145.8  19.4
2022 12  2022.958 :  158.5  21.9
2023 01  2023.042 :  173.2  24.9
2023 02  2023.125 :  189.9  28.0
2023 03  2023.208 :  207.3  31.1
2023 04  2023.292 :  224.1  34.1
2023 05  2023.375 :  239.3  36.8
