2021 12  2021.958 :  55.5  11.1
2022 01  2022.042 :  61.2  13.9
2022 02  2022.125 :  68.2  16.7
2022 03  2022.208 :  77.1  19.4
2022 04  2022.292 :  86.4  22.2
2022 05  2022.375 :  95.8  25.0
2022 06  2022.458 : 105.2  27.8
2022 07  2022.542 : 114.5  30.6
2022 08  2022.625 : 124.0  33.3
2022 09  2022.708 : 134.1  36.1
2022 10  2022.792 : 145.0  38.9
2022 11  2022.875 : 157.2  41.7
2022 12  2022.958 : 171.5  44.4
2023 01  2023.042 : 188.4  47.2
2023 02  2023.125 : 206.7  50.0
2023 03  2023.208 : 224.4  52.8
2023 04  2023.292 : 240.4  55.6
2023 05  2023.375 : 254.6  58.3
