2021 12  2021.958 :  53.5   3.9
2022 01  2022.042 :  56.8   9.3
2022 02  2022.122 :  59.2  13.9
2022 03  2022.204 :  61.3  16.6
2022 04  2022.286 :  65.5  20.2
2022 05  2022.371 :  70.5  24.2
2022 06  2022.453 :  74.1  26.7
2022 07  2022.538 :  77.1  29.1
2022 08  2022.623 :  80.0  32.7
2022 09  2022.705 :  82.7  37.1
2022 10  2022.790 :  86.1  42.2
2022 11  2022.873 :  90.1  46.9
2022 12  2022.958 :  93.3  50.3
2023 01  2023.042 :  95.9  54.2
2023 02  2023.122 :  99.7  59.4
2023 03  2023.204 : 103.2  64.0
2023 04  2023.286 : 105.3  66.6
2023 05  2023.371 : 107.8  67.5
