23.9116911974466
23.2143649647605
22.6521347934062
22.1165079141032
21.590550760752
21.1153991661724
20.7101613274956
20.3585702608924
20.0419044484992
19.7572938799425
19.1187182336648
18.5242362460179
17.9664997283963
17.4391783671934
16.9387747170602
16.4627316034932
16.0079275378441
15.5709822586308
15.1490256391255
14.7398122944522
14.1575309172767
13.5847796982755
13.0196396975213
12.4604944334673
11.9060024416144
11.3550275395032
10.9897635293046
10.6263387737631
10.2641736260818
10.0861801675927
