21.8889624392967
20.9692157600842
20.3448846802633
19.7387050113618
19.1269577502027
18.6177342633467
18.2486857165389
17.9707232357249
17.7373604877063
17.369417311349
17.0566299871706
16.6220639255294
16.2253149891886
15.8544789939124
15.5049803514294
15.174116446664
14.8574899906323
14.5501085727908
14.2482893628915
13.9497493372528
13.4776632475632
13.0039422766857
12.5270505581683
12.0459455831085
11.5599902328125
11.0687814959859
10.7512628647427
10.4294214843576
10.1032243829481
9.95371699746615
