7.73544923890447
6.80906498401853
6.53117260737423
6.28873850038905
6.0756963089652
6.1232092964967
6.40336588494075
6.83066226685769
7.22098271901094
7.62940123906706
7.98286417152739
8.33803711876269
8.55900977186872
8.93156927432466
9.03072644021159
9.1830412211918
9.27653127470544
9.3082215898389
9.27838609171144
9.18989483350009
9.34776790590755
9.47185697722133
9.56341632608722
9.95047626239436
10.3223952686156
10.6792824558431
11.1935570077539
11.6981491116436
12.1927354287007
12.8557552212927
