14.6352851648024
14.1715169040189
13.7787672023031
13.4531857555348
13.2739702413772
13.2467070278322
13.3136883577002
13.4313660727228
13.5935023754973
13.6648984499693
13.7692002591127
13.7462588889999
13.7221599851993
13.6919300974861
13.6522645063646
13.5989336375474
13.5280151385135
13.4372806255187
13.325933532769
13.1937171020413
12.8733777968363
12.52814558168
12.1591854303218
11.7679594957958
11.3560476417171
10.9250717392232
10.65425443706
10.3701327574088
10.0739462467994
9.94776395980791
