15.1766890067773
15.0512045847219
14.7867470186738
14.6611232706759
14.7294791291913
14.8666328670308
14.9884507217701
15.1122844512825
15.2744963240384
15.3171423694716
15.3654251018085
15.2469611471536
14.957743191612
14.6574868793119
14.1784687592774
13.6774595155748
13.1533919977937
12.6074474619313
12.2128474041853
11.8013318747327
11.3733641198184
10.9298871613516
10.6496089043327
10.3584273852481
10.0571511717973
9.74659918407928
9.42762717391132
9.10108501152274
8.95043761199012
8.79490291074311
