6.9484168684042
6.70696940051093
6.47203038686174
6.26522712392666
6.32462047177466
6.67761847127654
7.10673488175454
7.56883929605351
7.97727822888005
8.41980206726989
8.78150108771694
9.11028183602897
9.27611026450955
9.60737617976115
9.64894039591771
9.74894370541452
9.78705606346313
9.76355384348436
9.68133741107137
9.54384183907953
9.66616751096086
9.75617842102608
9.81565742611022
10.1805159250092
10.5309711028433
10.8672101247093
11.3644027380262
11.8523392523777
12.3308683808133
12.9802638412568
