21.6429909342937
21.2000452385543
20.6383900132399
20.0667270695709
19.6261436697729
19.3090766578027
19.0390693791658
18.7851182097537
18.5656986197698
18.2123690553763
17.9032245593871
17.4404943679645
17.0008195452698
16.5838048687081
16.1877221784186
15.8078564022555
15.43959828054
15.0802348397689
14.728137895849
14.3816221865595
13.8588766505449
13.3378511383452
12.8173892417058
12.2966449208104
11.7749138996047
11.25162309045
10.9081694545832
10.5631390313352
10.2163630469503
10.05047146815
