12.938986307745
12.1138706195258
11.8613717303776
11.8188622250658
11.7569615434309
11.7334961040837
11.8510858791557
12.0962889021058
12.3952252524746
12.5823312825843
12.7833683822331
12.8703240056853
12.8202938813146
12.7473284179813
12.4988207943552
12.2125254179774
11.8885432594087
11.525580300673
11.2819456400095
11.0058614509884
10.6989959678457
10.3631326377954
10.1695013668903
9.95480965172301
9.7206053054381
9.46853318693485
9.20020269787354
8.91716224303202
8.80051799744355
8.67434484534949
