7.89781788705986
7.97457149796454
7.83227984744819
7.94578335211007
8.40165243957246
8.97425134432197
9.03631496588667
8.83612020365937
8.60352778206306
8.20909776138084
7.95036893926909
7.72499140688458
7.42647867439099
7.06129530046274
6.7709372878861
6.7163066221816
7.22868581373793
8.05199525494158
9.04963185421556
10.066071039561
11.0964057265815
12.3050841966744
13.3542974575616
14.2331478486517
15.1082835211778
15.9780978638386
16.6622365924189
17.3361724663244
17.8180347591082
18.2875846337833
