15.293394586924
14.4047049640141
13.8796532625437
13.4729384083375
13.1351622268668
12.9341748471958
12.8910506770846
12.9573799294315
13.0841830116921
13.1249412020748
13.2092001041694
13.1909643767889
13.1855322236778
13.1795582736144
13.1667409571722
13.1435230590899
13.1058751701379
13.0498374102243
12.9729271750819
12.874182874229
12.5898552915247
12.2786101756341
11.9412496447246
11.5790040393372
11.1934205749196
10.7861863533495
10.5346095364275
10.2677727739833
9.9869926738084
9.87309023492571
