11.3811646236847
10.9350184863126
10.8497908531286
10.7509897252562
10.6603214602717
10.7296711260866
10.8652998281888
11.0790323631759
11.1905747647432
11.3091072920199
11.3212312743674
11.3318967176963
11.1872290463192
11.2756433373866
11.054669129138
10.9370348629069
10.7833555391266
10.5918403018885
10.3627528705425
10.0978888730614
10.1259689782318
10.1335299640016
10.1212867374747
10.4323338480739
10.7343381545336
11.0273231010666
11.4881115359366
11.9431721511275
12.392266869881
13.0160653460023
