17.3745598569842
16.752936358324
16.2532440009419
15.8182607661358
15.4906935655743
15.2928976860231
15.1946669609108
15.1581058436099
15.1690285284721
15.0748542647439
15.0209328481484
14.8400506790868
14.6725804817749
14.5118686044079
14.3538556298864
14.194415081741
14.0294238777365
13.8558204997774
13.6717949063422
13.4762413164507
13.0982495808698
12.7042779551887
12.2944750781258
11.8693392947358
11.4295796761577
10.9760264997751
10.6877293527785
10.389551688927
10.0822421499923
9.94742581818332
