19.8074221234594
18.8714874359554
18.2088859165896
17.6867768087204
17.2292975393247
16.8534791425376
16.5848777702255
16.4098598433634
16.2979273814876
16.0699305037975
15.8859870014531
15.5798347538554
15.3034866573813
15.0464139431646
14.8017553813772
14.5653452742013
14.3334601561884
14.1023182455167
13.868788581547
13.6307482752508
13.2151558247366
12.7901341529021
12.3549906857183
11.9093929408561
11.4533406616875
10.9870651048325
10.6890964736316
10.3835206349492
10.0707148257946
9.93169679374146
