18.4224229445025
17.6395353144618
17.0887441989351
16.605750512045
16.1855566715317
15.8838814590384
15.7052859554216
15.6088413804135
15.5628264206318
15.4062398624656
15.2951057855444
15.0640308131912
14.8546985647514
14.6572887664192
14.4669045715765
14.2799351254075
14.0922245486935
13.8999036197242
13.7003618821223
13.4920821320587
13.1038434630508
12.7020695989371
12.28647328997
11.8571770485449
11.4146040699484
10.9593466816023
10.6699372396292
10.3713003539435
10.0640419550877
9.929342047832
