6.48684272331302
6.63961715611662
7.15301259482891
7.7603898550759
8.33353718142199
8.92237194236953
9.10155686500732
9.04926275975377
8.89275270959713
8.50146604855089
8.23437726333075
8.13626668715585
8.10697529393889
8.86517275389881
9.77676024820712
11.00435710334
12.5708096886556
13.3787257860603
14.1785715774085
14.9682629152889
15.5771891794773
16.1681886986854
16.7411565873684
17.2962440100655
18.1315277582138
19.3552034248292
21.2087823457704
23.2569744159344
25.3633913035471
27.967995117465
