4.95815549859832
5.22571480536125
5.65748444810525
6.17676720872209
6.782938342481
7.47615976394259
7.81483685784293
7.91641113118502
7.909472720109
7.68322570828652
7.55038804357178
7.5521077732935
7.60255121183582
8.38840546597673
9.32481498904084
10.5688217360455
12.1456308237906
12.9929993159277
13.8317410313032
14.6594787037961
15.3078762687268
16.2152101826078
17.8479121055217
20.1407661010205
22.6960638875614
24.8885329681504
27.5697481330487
30.9704503318847
34.7620365802331
38.5451199179005
