5.58891893992843
5.82797386738007
6.37908376276028
6.90470155944124
7.40256958740413
7.99705204335214
8.26998445175606
8.31605716287308
8.24162127037415
7.94122761462769
7.75414010098867
7.72005155832362
7.74254205002725
8.51414471395963
9.43684426445047
10.6703047098287
12.238834277446
13.0718545642813
13.8967278056867
14.71145515643
15.3476717663364
15.964596474521
16.5618945051489
17.4313387606127
19.0586867948676
20.9555210963923
23.0425054538352
25.1834926747076
27.8187161862455
31.1786193969045
