3.76827487020574
4.06926870513666
4.63205212779366
5.2665539929085
5.9401316104887
6.69226389572367
7.51998506129689
8.37609211190516
9.22203878875058
10.0475082398446
10.852110973089
11.6290443789965
12.3673362085781
13.0599445688979
13.7052629653495
14.3035062142509
14.8543813540863
15.3576749402728
16.1118811554074
17.5862546345792
19.6693819923167
21.9262842304165
24.2211988300851
26.9949650651348
30.4787403500872
34.3444003016475
38.1931174914371
41.9776621075914
45.9196258954333
49.9340990646899
