7.07986892076126
7.41209989585011
7.86131144328266
8.35559825586774
8.90159527163858
9.50888146184303
9.64734530327752
9.51154913264931
9.2766275858229
8.82084581037324
8.50702690155693
8.23754709044865
7.89133308995053
7.47138779019283
7.131087489651
7.0422298557229
7.54843013052188
8.37546826495579
9.37793222928215
10.3942643628345
11.4205681276478
12.6262942238629
13.6646817900912
14.5264722663916
15.3832396574991
16.2338846374628
16.8958938404292
17.5481222954744
18.2986148753634
19.8150796152846
