6.59207647527785
6.82675637834798
7.27649701638134
7.78468175924328
8.32016108619716
8.91570786682795
9.09387473910849
9.02360087361993
8.85239638708219
8.45925295337499
8.1950992939941
7.96968540643292
7.66522736366931
7.28305154457108
6.97301341187926
6.90532012497009
7.42027119117486
8.25176137806234
9.2577968237638
10.2791536509888
11.3117047751175
12.5232390507549
13.5697239333991
14.4410547735521
15.3072482576912
16.1670964746472
16.8386022451329
17.785393737009
19.3001963636359
21.4972014367418
