4.35356669552768
4.7466464593914
5.30196159064285
5.91533612744432
6.59200314980547
7.34805348782244
8.15717195884628
8.97733599963472
9.78516736316895
10.5753631265063
11.3438426033716
12.0814527901656
12.779207556585
13.4327718169993
14.0412702011974
14.6044245482829
15.1217941493295
15.593602560831
16.0211831683427
16.7041352627743
18.1119755295794
20.1332708645727
22.3331287793698
24.575892944272
27.3023655993711
30.7435319173381
34.5710370751995
38.3857987729694
42.1403070199888
46.0558533537494
