5.42030469354573
5.86507652537147
6.36903473202492
6.84868233928162
7.408124940058
8.09186352766468
8.39714491150711
8.43330014755038
8.35066544519916
8.05017687227087
7.86300989181575
7.82377284843215
7.83842706527659
8.61165610564697
9.53779488485741
10.7763190829527
12.3502394488105
13.1799869326995
14.0010874373564
14.8116878459177
15.4421655899069
16.0529398064749
16.9296145738672
18.5484251023834
20.8422274756845
22.9458151270489
25.1016743082318
27.7501330923286
31.1217355567388
34.887649817407
