6.6280057779911
7.02577818313325
7.5232059489875
8.04956381129112
8.62775178441375
9.27230819636404
9.4570096477332
9.36203584211643
9.1599034507531
8.73301317435389
8.44134113923134
8.1890589464195
7.85641739072969
7.44709052192965
7.11473884835878
7.03161316069265
7.5418110429687
8.3723041785253
9.3780798706226
10.3976425247983
11.4270125283978
12.6356915968814
13.676637937972
14.540499567671
15.3989900401016
16.2510200397986
17.1906702119204
18.8725466779348
21.0386066573724
23.4762864103178
