4.45302026337997
4.68366590207291
5.16260954407804
5.73508160552236
6.36277887334562
7.06737057929978
7.84275150173459
8.64942610265705
9.453401558143
10.2425091293752
11.0135483709312
11.759482280099
12.4704208486882
13.1396166556578
13.7648155474404
14.3455918141206
14.8814479070467
15.3721189787305
15.8183519761569
16.2218494534342
16.8822855495117
18.2691627893947
20.2710895510242
22.4532248307947
24.6798999075187
27.3918501686422
30.8199851764449
34.6358770885736
38.4403585711727
42.185818518905
