6.46807126094108
5.93173332937293
5.96396119791791
6.35145115419519
6.79365572855118
7.24019935552688
7.38898046673156
7.41863050794025
7.40171684006668
7.18706190208927
7.06260048645268
6.96397798809948
6.79072924080915
6.53669810391813
6.3325278042823
6.33777664982878
6.87644943464781
7.71479820130085
8.7248153150188
9.75708926575116
10.8064499044768
12.033175116873
13.1064938126792
14.0129123115425
14.9149498864802
15.8108163683414
16.5214506059569
17.219930504859
17.7252400641722
18.5133505216337
