7.39707840972294
7.9917036236238
8.53834984829896
9.13383039437642
9.81113412069716
10.5168226730815
10.6396377115914
10.4305212515847
10.1151449736293
9.56567347460708
9.17141795989813
8.82555426681552
8.4027256335859
7.90992122073456
7.50929213333439
7.3783322398448
7.87119368300618
8.69522493862495
9.69673250341559
10.7079552004371
11.7254463425555
12.9233026503894
13.946827182511
14.7886973619391
15.6249346103814
16.7226174315474
18.3589419742846
20.6756574919537
23.0634614225374
25.5950442989289
