4.54240514105307
5.56478894029997
6.5162107227588
7.43577263210035
8.38434635628126
9.34589709522226
10.2704024298963
11.4327951608074
13.3064490178298
15.7837734821281
18.4225635297766
21.0777529914321
24.1866392928374
27.9809570955099
32.1330059947342
36.2433573592067
40.2646112056191
44.4193248508181
48.6241541654816
52.8039276553409
56.9195027899815
60.9962173574974
64.9758680019877
68.8465223643552
72.7395030463359
76.6132358321814
80.2288396256887
83.6401857766987
87.1223488729636
90.614859334215
