2.13685077638525
2.75729883422401
3.44519121500304
4.18899591174102
5.04087367004167
5.98620023205887
6.96220655578504
7.9257340664944
8.86849037499958
9.79008930497544
10.6805156785968
11.8233437454625
13.6775155608293
16.1272095988932
18.7349010664536
21.3617875367621
24.445783885164
28.2163277461285
32.3449004627023
36.4330535564377
40.4342392445472
44.5709123646902
48.759287584372
52.9240354352224
57.026087543019
61.0907868717988
65.0597873649959
68.9209845735272
72.8055860965323
76.6719385806716
