1.86262765188741
2.27186258491197
2.9272365161431
3.62185076594536
4.37117971231434
5.23412569224079
6.18698663499385
7.1616182409831
8.11817246046392
9.05296024908245
9.9664619561458
10.84745522407
11.9792206254679
13.8216375186742
16.2597613253586
18.8562612710178
21.4722380262691
24.545671463826
28.3062159354982
32.4255041136178
36.5051028383645
40.4984289928019
44.627924766092
48.8098057685024
52.9687228523502
57.0655635890069
61.1256208148312
65.0905032492353
68.9480636824578
72.8294656282742
