2.49271193777688
2.92487478929152
3.609017563353
4.31744242810354
5.0556792836792
5.89220345237425
6.81447582426523
7.75650611828933
8.6762070293936
9.56995309809023
10.4408749874287
11.279964141407
12.0736588655511
13.112505574997
14.8632168015145
17.2124596160116
19.7222604525994
22.2542306773637
25.2479787180022
28.9343581107504
32.9852245983521
37.0019461953604
40.9378397215158
45.0153371854653
49.1505154117536
53.2677065082923
57.3274130653229
61.3545661900923
65.2904320321023
69.1225104750637
