3.63277665470457
4.17682472739993
4.86242025140775
5.59240764514978
6.37201650451389
7.2152220651573
8.0962685320661
8.97573560063207
9.83235528566827
10.6617804521343
11.4606546707379
12.2209415964159
12.9349392710711
13.5993781440745
14.2141900834944
15.0773330323719
16.6561995872204
18.8377245804292
21.1863609983958
23.5663907514372
26.4186310208066
29.9740744381494
33.9045854145615
37.8116049408063
41.6483131578958
45.6367006971621
49.6922361544657
53.7386069121479
57.7356620559702
61.7076550640598
