7.63156464203727
9.12340519809025
10.1555610623801
11.2009181043624
12.3464173257955
13.4031745352166
14.5632657097055
16.3499990033555
18.7259827868872
21.262206363396
23.794820989612
26.7561813994019
30.3919826526581
34.3876060506579
38.3462817254643
42.2188685894692
46.2286843153217
50.2954273052127
54.3460109765237
58.3414621331727
62.3066479555495
66.1832462360881
69.959388837213
73.7661991345192
77.561597623282
81.1060982694843
84.4530094521051
87.8768957052088
91.3167785316578
94.5007673752161
