3.92200694082737
4.44653041868006
5.07344321976463
5.74069932885441
6.48044056258738
7.29960290158286
8.15686015282262
9.01007920742926
9.84393996598834
10.6571149691895
11.444121277249
12.1943161886591
12.8996600085313
13.5576192410902
14.1682096810164
14.7312377746651
15.2464129994531
16.0119945347186
17.4970632118096
19.5901617078803
21.8563196408784
24.1597689604854
26.9413324676284
30.4321680330805
34.3041777108111
38.1585750306663
41.9481731599744
45.8946058167822
49.9130072853032
53.9267014563125
