3.02781748501067
3.4151965501543
4.08642412328403
4.81717255452775
5.56413362583902
6.37883434844977
7.26770124663084
8.18143648142859
9.07662387195674
9.94258894628137
10.7816041221015
11.5885438523153
12.3523538733593
13.0657383755614
14.025080528518
15.6984380578577
17.9719896672849
20.4083041319622
22.8704144405374
25.7989218659365
29.4248932652723
33.420104193377
37.3859091285681
41.2756271420065
45.3115670036396
49.409550746067
53.4936057393281
57.5239343691766
61.525171075297
65.4382749766731
