3.53631155735737
3.92676628680435
4.54715448756046
5.2478455227302
5.99040564851703
6.79471851828591
7.6549887413333
8.53372759512428
9.3986785719388
10.2385635897212
11.0509057630534
11.8297102475675
12.5662797648781
13.2549022465886
13.8941567126598
14.4843700762258
15.3233071468807
16.8785402543007
19.0375033660193
21.3649926762018
23.7253454401449
26.5593457780329
30.0980121385665
34.0132522605346
37.906487920905
41.7308189142725
45.7081433585321
49.7538470910308
53.7915333396671
57.7809562456907
