3.41177883257629
4.13640958083773
5.05320305869484
5.98343912864533
6.88513826744763
7.79893526245294
8.73609652808082
9.66283348974384
10.8442185684664
12.7397924098913
15.2392897903426
17.9040986940468
20.5900885211155
23.7318318166432
27.5584782632533
31.7417439802277
35.882498968968
39.9332044526699
44.1158457842327
48.3466756219068
52.5504886441573
56.6882459217838
60.7853285401467
64.783538947424
68.6710019084858
72.5791562334813
76.4665570293599
80.0944429451144
83.5168012399624
87.0088224921131
