2.89345648531299
3.61662190739339
4.36729218542477
5.22485707519643
6.18149414004874
7.16527962900758
8.12762354231399
9.06355820477716
9.97733043198347
10.8597930303317
11.9933028421129
13.8365166723725
16.2745644009091
18.8707924589349
21.4865776626149
24.5597387555353
28.3197918898404
32.4384381145391
36.5173694115792
40.5100447389065
44.6388861186935
48.8201005872934
52.9783595661473
57.0745727577928
61.1340390386476
65.0983640863265
68.9553998625924
72.8363126350615
76.6994062456719
80.3056645014581
