3.41508127862302
4.11345606349732
4.96071323799423
5.9087403277703
6.87555098009293
7.82611142105889
8.76350643713833
9.68707757156458
10.5808330855056
11.725844846153
13.5825511726048
16.0364924932789
18.6496292377349
21.2820772324698
24.3713880694119
28.1471988103749
32.2810928658823
36.374458544472
40.3805628538375
44.5218140532717
48.7144598389703
52.8831838367188
56.98889878267
61.056936130682
65.0289634909967
68.8929013179026
72.7799777122482
76.6485551600763
80.2596797319964
83.667137360254
