17.3204166064742
19.7931349644137
22.4566915687868
25.1379810008786
28.1957694298694
31.8611665096798
35.8558001138744
39.808959671107
43.6691071311782
47.6508677178328
51.6756544556973
55.6782169924729
59.6242117986161
63.5386161215822
67.3626590147305
71.0855818225482
74.84016044953
78.5851867815414
82.0812723388098
85.3817222896323
88.7613031877357
92.1592586956951
95.3037287420849
98.2052288444754
101.010866460049
103.648364376244
106.117229876365
108.55001796526
110.95882139999
113.102116302574
