20.9947904683539
23.2936707267027
26.2528672274088
29.8243468782896
33.6630333611418
37.4933675516618
41.3194297596442
45.3222942150998
49.3771615769849
53.4110138088178
57.4027352118524
61.3810460886439
65.2784196723209
69.0759627468788
72.9050118542997
76.7255937199998
80.2978786296163
83.6732635779682
87.1251405643897
90.5925050867545
93.8036480220805
96.7690409798573
99.6356158408909
102.331062728285
104.855039127497
107.340288644252
109.799046369614
111.989928771671
113.903401305284
115.749275592422
