13.0950791170758
14.2128747377912
15.9481837791766
18.3553671686821
20.9572505230232
23.5286870158707
26.5019565149404
30.1512185324193
34.1719932919965
38.157658552739
42.0506382295434
46.0757801088844
50.1573181883528
54.2231502392942
58.2326072925479
62.2095692734438
66.0962556518769
69.8815716670103
73.696781499646
77.4996052267989
81.0505272072504
84.403044546907
87.8319025037951
91.2761902043574
94.4640405885123
97.4061502055069
100.249847194781
102.923028951363
105.42535537176
107.889547649917
