10.2921013636642
11.4091675559134
12.4371781536189
13.5045654618419
15.2108321280851
17.5700917287415
20.1306997819842
22.6915609019732
25.677960408522
29.3468813786119
33.3880157406653
37.3982838400565
41.3221306890818
45.3817998104251
49.4982540497495
53.5983272830183
57.6416403771381
61.6520184984127
65.5710343282711
69.3870345944137
73.2311438857801
77.0611443976617
80.6375435216843
84.013814985359
87.4647175090376
90.9294171298312
94.1361588800955
97.0957542230052
99.9556385478208
102.643816007742
