11.8584841096499
13.005321997026
14.0993104411949
15.8291810545505
18.231474973998
20.824545092991
23.389249693963
26.3614779031885
30.0132670317681
34.0371358594654
38.0259166136033
41.9228664210113
45.9530733966245
50.0402026046435
54.1116169565749
58.1265484424199
62.1089575414201
66.0010366633332
69.7915671739111
73.6117253574485
77.419219460912
80.9745492252519
84.3312137752178
87.7639501520003
91.2118478496186
94.4030543257687
97.3482861897204
100.194889157828
102.87077598645
105.375622604349
