15.3049601443573
17.331151259941
19.8067444674759
22.4709990385557
25.1529312914864
28.2118389460779
31.8781170034883
35.872963216972
39.8259157161854
43.685788555215
47.6672692831391
51.6916714135076
55.6937150778465
59.6391224787489
63.5529330097955
67.3763870605817
71.0987163254296
74.8526999613791
78.5971448392416
82.0926730077458
85.3925908903985
88.7716635929278
92.169135512758
95.3131481902005
98.2142171337533
101.019448221529
103.656562432446
106.125065647456
108.557511637489
110.965991766662
