9.13055429923861
9.8056955339211
10.8840474283398
11.8996540446358
12.9464343786372
14.6325962193101
16.9887398981842
19.5625263125211
22.1426075677453
25.1489191678184
28.8396231719475
32.90592282415
36.9435669852474
40.8949278728179
44.9812936149611
49.123665929003
53.2489019676216
57.3162951349583
61.3493221451685
65.2894467119086
69.1250706075923
72.9873688173851
76.834133271299
80.4259033383385
83.8162356329158
87.2799896788111
90.7564214968696
93.9738613919558
96.9432127501029
99.8120053220955
