9.48719618269294
10.6150327903206
11.681099689364
12.8447276256107
13.9351326216351
15.1199640365476
16.9079476604746
19.2704342491294
21.7906651266257
24.3070173499465
27.2485175860551
30.8600130033247
34.8293201565361
38.7619027847281
42.6090409249411
46.5937541566973
50.6358959999491
54.6629156350831
58.6362008716065
62.5806559242655
66.4378923993099
70.1960363442208
73.9862375961268
77.7663963812045
81.2969462336341
84.6310965992107
88.0433280025813
91.472587983998
94.6469033052572
97.5768245591207
