28.1700297542893
31.781905866441
35.713673969752
39.716875046889
43.6649345196268
47.6886203273629
51.7149072486176
55.7207514952471
59.6852940372233
63.619239803846
67.4528408048663
71.1785338856056
74.9358552258266
78.6849446556071
82.1840554823119
85.485274837078
88.8642693395599
92.261385312858
95.404909587735
98.3050298726316
101.108777239891
103.744092570928
106.210673442943
108.641102555396
111.047442302157
113.188182876753
115.053659522713
116.853527467727
118.596746782779
120.052121141267
