25.0389788278414
28.4715289930635
32.1657510176814
36.119617938147
40.1437349752479
44.1263731461235
48.178344209453
52.2144739265907
56.2184827251973
60.1792471985259
64.1091781093695
67.9357004416919
71.650355402486
75.3944619399728
79.1298759746495
82.6151538098627
85.9020912174661
89.2664296303604
92.6489335208736
95.7781933010118
98.6644411865779
101.454671463281
104.076847614716
106.530725419247
108.948914492166
111.343463497486
113.472835305639
115.327342924405
117.11662423446
118.849620540288
