26.8563404574927
29.4416358643183
33.0833951904747
36.691500035892
40.1545252987624
43.7250743299325
47.5780337530764
51.5814967304309
55.5866109838352
59.4953470920861
63.3459913250402
67.2922628058719
71.2647598956024
74.9936665647433
78.5262640231933
82.1428595118695
85.7823837953977
89.16643325027
92.3005604310971
95.3312274834875
98.1870081414227
100.867277769271
103.503736226045
106.108077768025
108.439159222827
110.487905942708
112.464380646911
114.377810107585
115.997344323953
117.365486989911
