19.7489250037717
22.4005869915076
25.078918881294
28.133966564454
31.7946483204293
35.7855280243682
39.737672120347
43.5985305204042
47.5812831694328
51.6070852338132
55.6110970624267
59.559100375131
63.4758046360614
67.3021839690039
71.0274334395665
74.7843684989082
78.5317675057867
82.0301815927703
85.3328737207476
88.714603985793
92.1146201526598
95.261059305521
98.1644313078289
100.971843260958
103.611023198523
106.081484738634
108.515787739477
110.926029200412
113.070690643572
114.940064747895
