56.0323500047388
60.8628193115272
65.3315686902682
69.6742509045604
73.9115384608382
78.0715103126271
82.0793595511688
85.7494622589822
89.1850835450427
92.6664900209921
96.1221461186719
99.2826786989154
102.172128523123
104.947699046104
107.539698511105
109.948183593734
112.308306487903
114.635840004913
116.691805336758
118.467641949728
120.173791381257
121.820277941297
123.176977295839
124.286700412866
125.312671488744
126.212843026815
126.874330096749
127.360977874025
127.773562537733
128.015066158518
