31.4895995942019
35.692134823033
39.4516719799351
43.0567186739183
46.8605913369405
50.9032318213217
54.9706757562605
58.9601550457891
62.8398631665249
66.6598705707249
70.5549746239738
74.449953033048
78.0871550382056
81.5253873094753
85.0469886023685
88.5890432460987
91.8736626692185
94.9090348266239
97.8435002733939
100.605888834364
103.19532424495
105.743642347499
108.262907272349
110.51209989468
112.481962371455
114.382326660333
116.222290150973
117.770901845374
119.070515932243
120.284118886538
