81.219368155405
84.7841287152562
88.1848153603219
91.6783263428633
95.1411655561778
98.2939281958368
101.179744970422
103.966131803222
106.577039533344
109.004392584983
111.382566124093
113.730222183399
115.8092785087
117.609718430048
119.340681232787
121.012113432791
122.394242152093
123.529851891301
124.581833021798
125.507893878533
126.195101443114
126.707297664481
127.145192709264
127.411669030004
127.481116421811
127.447863722943
127.316553167002
126.931132988189
126.311490574058
125.589009722345
