72.4336730687926
76.0441654486423
79.8601689317969
83.4682565599607
86.7813770490782
90.1074097991616
93.4659104730077
96.6006610785349
99.491621041747
102.26856694779
104.868225432841
107.302335968517
109.704327068974
112.081360197066
114.190079778061
116.022712622883
117.790677052168
119.502846440988
120.927280580184
122.10589345024
123.201791671046
124.172762943047
124.905452726232
125.463212398445
125.94651360739
126.258159179487
126.372423790733
126.383457510596
126.295738369531
125.953103682081
