77.5781775931748
81.8263847739996
85.5642742749309
89.0203961239254
92.5682440935772
96.1140400898149
99.338672863563
102.260376797752
105.059295858169
107.678310884527
110.11252896801
112.490433856669
114.828587496773
116.892204877184
118.6745405245
120.385278684561
122.03377980872
123.390428755453
124.498870655775
125.522679580067
126.419785165468
127.077335570169
127.559374810526
127.966886622421
128.202964444024
128.242128241546
128.178813862485
128.017779857758
127.603088036992
126.954720437888
