64.0806569060037
68.2085926819876
72.3332038221483
76.3477909660006
80.1994393245107
83.7657967854455
87.1560617477567
90.6170054241435
94.0570007705186
97.210833500166
100.109983045086
102.90947621255
105.532886578418
107.976813587899
110.376643194454
112.74848372368
114.852258092262
116.677951292641
118.435259363145
120.134017569456
121.543895937895
122.70731919132
123.78713650445
124.741065798785
125.456073204279
125.995852388267
126.461013916057
126.754392086241
126.850331746693
126.843101702726
