60.1385136756372
64.4025383750112
68.6818398451103
72.8574609791817
76.9219799110027
80.847958191686
84.4792516697124
87.9037951978187
91.3791072359663
94.8297493807068
97.9932894947381
100.896217635233
103.69177251503
106.306343064704
108.739334301717
111.126612101651
113.483785264603
115.570892952655
117.378624029236
119.117227557851
120.796699418399
122.18674445353
123.329919186278
124.38926599722
125.322647620446
126.017108530959
126.536402975287
126.981213319112
127.254447113069
127.330510139487
