44.9501258892043
49.4934448542067
53.7197441919872
57.9295150731828
62.2034666682464
66.3520475923676
70.2964064320503
74.2112907873056
78.1077624266307
81.7503164204906
85.1731696643358
88.6458935951643
92.1180007208748
95.326646882412
98.2832811855213
101.133252493062
103.805050862845
106.300882168882
108.755290380514
111.180989652216
113.336736896883
115.213466946996
117.021615380763
118.77072790423
120.229948153857
121.441598292211
122.568708080954
123.569087935745
124.32963466004
124.913956068055
