38.6978013667009
42.1181606913069
45.8737439174714
49.8719398926552
53.8635762549138
57.7900333604975
61.6475157447759
65.4715514093674
69.3749988544547
73.2785033162055
76.9307567565705
80.3927989797375
83.9431159699134
87.5149479999971
90.8297186795451
93.8963251855305
96.8630336961293
99.657814549054
102.27914044192
104.858736473318
107.408731536291
109.688055366691
111.687330019326
113.616329400203
115.4841693678
117.059937875238
118.386012206584
119.625391808574
120.735800129783
121.604083388044
