35.6160975055593
39.3847910353523
42.9952149846994
46.8044646577033
50.8535718344941
54.9272143667644
58.921647564202
62.8053840603461
66.6291112561125
70.5277450630332
74.4258604538321
78.0657210706822
81.5062406662805
85.0298777980146
88.5737478655064
91.8599524530751
94.8966936829327
97.8323512422765
100.595788971418
103.186148103288
105.735275535146
108.255249323607
110.505066224729
112.475481668041
114.376337133866
116.216737712261
117.765739798914
119.065704458246
120.279623872649
121.365208392323
