69.7773734821912
74.3476214465247
78.5027731469631
82.4916535566431
86.2687127029033
89.8405808004695
93.3900224264176
96.8584189455093
100.029662551098
102.943511068667
105.739821480802
108.336805156766
110.739633756915
113.09218826673
115.412010332088
117.457475499833
119.21889699844
120.908111862647
122.536657298964
123.874699979902
124.964775928044
125.97014944403
126.84915319753
127.489225314846
127.954325119364
128.345269284042
128.565131885171
128.588508926312
128.509878726765
128.333985654073
