49.640661179184
53.942882680902
58.185361738339
62.4751877592213
66.6444151400798
70.6112115614719
74.5404151107871
78.4420190044175
82.0857652257142
85.5091196891037
88.9810784948525
92.4500075670869
95.6534002920616
98.6037648421548
101.447002339375
104.111567975614
106.599604940489
109.045820050634
111.463152411789
113.610469060931
115.478718643363
117.278351779065
119.018961916359
120.469739915279
121.673031011636
122.791873304051
123.784087465206
124.53658526465
125.112988196711
125.613900577351
