99.0598968250447
102.085522141496
105.41609587574
108.568606830607
111.194400172457
113.500590034886
115.836178961201
118.203609446617
120.26326030376
121.980048083337
123.605458936309
125.179893339639
126.467452958372
127.496588514204
128.42971360472
129.232714799902
129.797261550576
130.186228956707
130.49884035408
130.638784649649
130.582236899906
130.424490105971
130.170301213108
129.663734272065
128.925131961163
128.086392984793
127.180661687966
126.077294553456
124.827058895739
123.524950358852
