124.304365074219
126.250015703833
128.131090006742
129.701835749415
130.998247646201
132.019397613135
132.884092296157
133.679257806762
134.302385694704
134.657144741644
134.844291116005
134.972412893609
134.931826640296
134.69032486329
134.347214802162
133.913345257941
133.233718265866
132.326683029308
131.323410222677
130.258084212267
129.00109250732
127.603342008405
126.159572633603
124.586249160653
122.777069690917
120.810520386876
118.808655912552
116.698207303407
114.450470062555
112.106436247913
