101.062183163954
104.040795851203
107.07709343538
109.588316565016
111.721915005185
113.906992757367
116.196423010129
118.225446996215
119.921037236967
121.528371260624
123.099793693821
124.403691545886
125.461867608872
126.430082508587
127.273037218755
127.883487073338
128.323880608659
128.69158989065
128.888807564814
128.891146445325
128.793632958643
128.600531326038
128.155279045888
127.477723073862
126.699447301048
125.853344637661
124.8085089061
123.615456488385
122.368990200572
120.985480616011
