112.783585750362
116.960411940093
119.620671412875
122.316654476764
125.396564666522
128.114050879988
130.150340298917
131.868057208982
133.501843894006
134.851815042956
135.883005602045
136.730343588774
137.39036271269
137.788270958672
137.992932271068
138.097011808782
138.005068572421
137.70197995239
137.290393714075
136.777617677623
136.008618588673
135.005844603164
133.904076138772
132.738682734887
131.380323896539
129.880755074056
128.335984151845
126.663440610046
124.757324681075
122.696455091732
