125.368072600799
126.99857835186
128.490337820385
129.709682380731
130.612693360852
131.376284333601
132.123750670689
132.734174888994
133.083622652464
133.2681812797
133.404938921465
133.387127556492
133.177546630904
132.870533684373
132.475943245468
131.839433689667
130.97892416588
130.024146495118
129.008128226751
127.800795791194
126.452821543058
125.058567419601
123.534046440285
121.77261644395
119.852564225739
117.895804763209
115.828936022324
113.623138044627
111.319332059118
108.901706196866
