92.4781747363105
97.3598730528698
101.242836987568
104.785545513886
108.307110548994
111.666444383909
114.571427697433
117.102633530206
119.547672933757
121.955831476485
124.04183066421
125.775489397645
127.390490682221
128.923484393042
130.149900630216
131.107799704784
131.960936640937
132.673874820213
133.139509393252
133.42381110193
133.628304941034
133.657578718037
133.488378017145
133.216928481307
132.849050018573
132.229617213196
131.379520021332
130.431116628773
129.418009313837
128.2099737781
