96.9709426167867
100.742679068555
104.249362129898
107.735478559563
111.040983016606
113.899288603473
116.407010185
118.843741008209
121.246687947334
123.328565957268
125.062990710605
126.685002804178
128.229131568828
129.468681002155
130.441319812116
131.31113697575
132.042551665677
132.52785731183
132.832531768952
133.057908195735
133.10847991213
132.960823152956
132.710951042704
132.36451708786
131.766288665879
130.937067247982
130.009120906273
129.01596884838
127.827320951147
126.494227703661
