124.596828340287
128.127198172889
131.069401378246
133.275944174175
135.1739151718
136.952385139718
138.374297187551
139.421024201555
140.258287745726
140.892549654928
141.24370639159
141.378846147656
141.396684052604
141.208486490303
140.801940260197
140.280341986534
139.652311281134
138.765064762148
137.643050763523
136.422244967136
135.138797855226
133.664176276389
132.050966698422
130.395824211938
128.616597325767
126.607785845984
124.448456866053
122.261198454109
119.973162997339
117.555883973539
