118.087188366339
121.068630960247
123.867278471603
127.047674343814
129.918138205339
132.085591198696
133.866087346158
135.517583530886
136.875281554138
137.910118786987
138.746166225099
139.376232658802
139.731905847121
139.888434589294
139.939818556184
139.789846775434
139.424014408263
138.946878794137
138.367295018049
137.530885325039
136.460464211205
135.29136031321
134.059579346122
132.636267556539
131.073484433495
129.467457460551
127.735817688842
125.772940677907
123.657763381591
121.51275257799
