103.905085190503
106.902636745655
109.401394090554
111.522734488376
113.689133730477
115.962380120559
117.983311841358
119.676090231371
121.281666291137
122.851681949015
124.155850291032
125.216446191473
126.188487639672
127.03593374474
127.651405851503
128.097471157349
128.471453069094
128.675337464163
128.684569158023
128.594111040661
128.408197482492
127.970210861478
127.299927547673
126.528876075549
125.689914335699
124.652107893413
123.465943595803
122.22619716465
120.84921873165
119.228408840482
