84.305425603855
87.5695570286188
91.0193123459603
94.4392277296352
97.5264630475975
100.355492810778
103.113487235054
105.714435645855
108.135326353435
110.50802410596
112.855841872393
114.942364328428
116.754982133363
118.500251681501
120.187681139573
121.587957818095
122.743742755437
123.817246191435
124.765631231401
125.475783254398
126.011475900215
126.473258268458
126.763795039123
126.857304741458
126.848010372813
126.740469267305
126.378537652359
125.782011217798
125.082198317305
124.311858962873
