120.541445106998
123.16025807217
126.28204526008
129.095069206101
131.17582671752
132.881622522485
134.496332660061
135.842243149375
136.870787040853
137.702742500582
138.336953896766
138.707081130843
138.884826262276
138.960645270607
138.837590984767
138.501586755296
138.056853670941
137.511199097028
136.709393545395
135.673890420761
134.539826457688
133.3429181691
131.953967801928
130.424770695949
128.851398976213
127.151375505787
125.218970563743
123.133029159356
121.015961923013
118.794827621609
