129.32519798767
129.095747172297
129.478143465121
130.058569682673
130.218310929378
129.980404968811
129.700030646405
129.452484768357
128.983367882756
128.242079594087
127.379306682614
126.467053541112
125.378899723057
124.147914364867
122.85979675352
121.435240788212
119.773040478587
117.951006437627
116.088136257063
114.110054725609
111.988875679923
109.766290099995
107.426346930603
104.943483231805
102.34081677673
99.6420328787187
96.8886982123683
94.0203993520122
91.0572882708149
88.0294042611252
