132.965180682874
134.444179051528
135.367326117893
135.860742261372
136.135661602304
136.292157909298
136.246404115563
135.825255268947
135.099445434284
134.240361110742
133.283130288246
132.08901740256
130.713319180278
129.263710687645
127.665405467606
125.814483024669
123.790715087976
121.719371904247
119.53104968408
117.199746367888
114.767981373762
112.221222656237
109.535632022971
106.735530412726
103.845161008822
100.906389615527
97.8590799570812
94.7235779147791
91.5299323223488
88.2257331444665
