123.087486806433
122.93395557497
123.353763724166
123.605133388033
123.640971698329
123.674286340145
123.752819451529
123.852227427282
123.942459616314
123.900486415731
123.736037469318
123.55433130137
123.335238550365
122.898150298745
122.256735234298
121.544045152889
120.7899172035
119.856060655638
118.78693867794
117.674519953305
116.433487764853
114.954986225882
113.314732065417
111.632772529791
109.834619224116
107.890630388434
105.840927166905
103.669038849963
101.349361007306
98.9048126017398
