130.683478314427
132.123346169586
132.686874098799
133.317370325768
134.139719564442
134.671291460017
134.750671367782
134.617955814973
134.407089166876
133.951292547932
133.214887816805
132.321855668657
131.335194246987
130.144441577479
128.798514127433
127.386363795434
125.826676220903
124.019619794029
122.047538914341
120.03304053127
117.9031172664
115.630502301266
113.257950367533
110.770794787726
108.144378403637
105.402262687523
102.568392885236
99.684579791063
96.6905919334598
93.6066261592796
