146.48574984103
148.13233564893
149.390030091691
150.093445692954
150.116209949513
149.631195364433
148.866180388667
147.865094919911
146.497912496577
144.84710385294
143.050631447823
141.053223050182
138.762243705159
136.268153720929
133.708068347432
131.022961634817
128.194241102974
125.269702133003
122.239178836943
119.082568311222
115.826990097516
112.498460422733
109.139851751885
105.691546903277
102.174021259852
98.6170693733834
94.9676979495731
91.2590265472048
87.5938939746021
83.9663035249946
