126.195859830406
127.45969164592
128.607310610868
129.440294531206
130.096403637445
130.751827946873
131.318745525699
131.656444570506
131.835880611716
131.969904246086
131.959494091364
131.770103176587
131.491533696321
131.129135743607
130.527675551838
129.705674747552
128.792486598359
127.819844655747
126.656631086223
125.353103285162
124.003422764957
122.523271359473
120.805599926987
118.928388437789
117.013378053402
114.987046035123
112.820452711458
110.554416916799
108.173066910857
105.651174460572
