124.924009729425
125.908985647179
126.338680703629
126.549336648485
126.851188842449
127.160892819864
127.37206722818
127.496238325112
127.47262503093
127.321376329576
127.128387089578
126.866793873928
126.367072512488
125.653922256264
124.862471659635
124.020920671024
122.991793158357
121.822665821285
120.608002505669
119.263415392437
117.680473567656
115.935673719044
114.150036353956
112.249801159684
110.205744542457
108.058286445434
105.79124946889
103.379284062665
100.845470674483
98.2132286433259
