125.999641862973
126.758218783873
127.085317577502
127.30003321722
127.589638497874
127.888084168384
127.971765418159
127.84087746802
127.653238359352
127.419944347874
126.95349663383
126.255858884149
125.463730731543
124.617798947735
123.585470186395
122.411149509604
121.186627528024
119.82869623198
118.231182717635
116.471343146169
114.669830954677
112.7527478294
110.691290110579
108.526344768963
106.241913742673
103.812662504477
101.26172885654
98.6126534422297
95.9069306753078
93.0842090248266
