123.457842787103
123.191638153739
123.182846977701
123.269516480137
123.248598843218
123.175175698677
123.161800514615
123.096493120879
122.922747912794
122.713620930939
122.466027289025
122.018721330171
121.3827433178
120.679636522957
119.935028381917
119.01343707013
117.961422946475
116.869627844515
115.650604511779
114.194777468246
112.57812051866
110.92070484287
109.147584898331
107.228649808976
105.203822213032
103.056580577994
100.761234010007
98.3405656228621
95.8178132461012
93.2342984767875
