142.801348785507
146.083658648731
147.299864918736
148.269292832741
149.495996300394
150.343815384621
150.297462876299
149.605780200593
148.704021795003
147.673510170114
146.298120183911
144.609320629185
142.765070963933
140.739702196248
138.440536895849
135.942842602527
133.377087186688
130.687964896758
127.860503499233
124.941337180063
121.917549293747
118.768045139973
115.520425729218
112.20097742754
108.852141478835
105.413770419906
101.906152191202
98.3591086458592
94.7196275603431
91.0207224045921
