142.813103786847
143.108864539154
143.800583172417
144.76332743714
145.202941817624
144.819680519697
143.995477575853
143.095452597433
142.097371776971
140.766485491893
139.163885826206
137.456437939849
135.598572398719
133.478155747184
131.165835486227
128.793758928069
126.30459882443
123.677895698681
120.956038848411
118.124619410474
115.162045119958
112.094988334198
108.948609888787
105.76471577615
102.483089145903
99.124166467222
95.7179290864902
92.211578538777
88.6384747106282
85.1018244256247
