153.824133052917
156.674369784078
157.842590614429
158.298236325816
158.489883833095
158.270509762334
157.453719516098
156.034000487516
154.276511856479
152.353256456282
150.158568449911
147.585693881345
144.761109750279
141.85654514864
138.821178620502
135.633543684991
132.344957650851
128.954578992361
125.449264171824
121.858222919944
118.207794285865
114.54188831754
110.80226470681
107.009954561476
103.19435530697
99.3017365052503
95.364514400954
91.4847761556452
87.6555904064552
83.7620677653593
