160.78698333408
159.972408240892
158.869412831422
157.528434958249
155.816271328142
153.631961910947
151.027335388503
148.196556247607
145.272257494761
142.166907209097
138.872018181183
135.467642552843
131.962978382373
128.339716568454
124.624237076467
120.84725014155
117.057889891881
113.199503714348
109.29250603214
105.366179769975
101.36757746509
97.3297320756486
93.3546562175167
89.4350106084052
85.4555856695317
81.4171103758716
77.4766743050616
73.6244780478574
69.7140903411154
65.864245290009
