133.422630626317
128.175760562783
123.882135670892
119.813222412423
115.795480387917
111.955032436756
108.412310943774
105.114943395749
101.896044333824
98.6784136474414
95.5020506212564
92.3908234704528
89.3524767900069
86.2918989609346
83.2134085377637
80.1413016350269
77.0148383190122
73.856063780253
70.7586621717243
67.711481173272
64.5976031825586
61.416078244164
58.3223178732738
55.3055349883925
52.2192091897534
49.1823904869263
46.3121513135569
43.4960034126547
40.698183840856
38.0563562571333
