156.138024008662
156.760420859957
156.865204182944
156.463268152554
155.583906165922
154.220033241167
152.529539035069
150.641248751925
148.479815447749
145.965994029295
143.218770080977
140.391465020845
137.427759109038
134.3109265329
131.095083099669
127.777010972019
124.34050127144
120.814121061406
117.224982209817
113.617320113892
109.93252974245
106.191344520392
102.423298538308
98.5749884027952
94.6790694436084
90.8377800727579
87.0443699326591
83.184192404079
79.2584459634526
75.4247205080221
