157.983026035101
158.42774733356
158.122046141625
157.331150931532
156.107656595455
154.529400544227
152.676173254646
150.499682544987
147.960122387453
145.183948250618
142.313732817582
139.290069866895
136.103844731058
132.816481961603
129.426397003746
125.916607983555
122.3162710958
118.654344288831
114.976412749064
111.224188040889
107.41835805323
103.58858319819
99.681675959941
95.7303456218571
91.8366923610138
87.9937659722785
84.0867405025979
80.1166385537927
76.2408458494736
72.4499154263927
