154.228118395658
154.714549182848
154.974892573338
154.986396793749
154.48334370352
153.439993330621
151.949191730558
150.222115683634
148.352049963898
146.218501214452
143.736075263406
141.037120574067
138.277909786346
135.392830520378
132.356924013023
129.222799479382
125.988219661997
122.636169237736
119.192994711609
115.684260347494
112.153861292851
108.543223404686
104.872883196335
101.172088052701
97.3873535433101
93.5514750543101
89.7668972406702
86.0270559013005
82.2174928011679
78.3396323266072
