122.757267314297
118.135636427234
114.645840810324
111.315643751213
107.746946255311
104.158324260788
100.774520450633
97.5638855807659
94.3814321715687
91.2059167423195
88.0100027489639
84.8355478377847
81.6879958509527
78.4814131831919
75.2368678716868
72.0589520621645
68.9404499351311
65.7602996125203
62.5137740334542
59.3564906488793
56.2792006103763
53.1355704772883
50.0437552717851
47.1202217732945
44.2525258894008
41.4050766671412
38.7154863585643
36.2179396944962
33.7989432694301
31.5739532076322
