142.825207780778
139.801807388971
136.366569204926
132.642721015951
129.126610212182
125.956051355044
122.841223723304
119.643422368101
116.443974470014
113.274588358062
110.091736180792
106.874702270992
103.626360137783
100.389522226953
97.1036356273643
93.7790758572986
90.4343264640685
87.0104232156628
83.538302031526
80.1185696510536
76.7421006917862
73.2924035837241
69.7700562804608
66.3327254188529
62.9713023640423
59.5400604881528
56.1585723424623
52.9446913550813
49.7868441270205
46.6500165701937
