130.138457166423
126.334563930109
122.737490162509
119.579849592252
116.573054713361
113.492885100367
110.325062971679
107.148666564435
104.006039678536
100.862854436745
97.7165457573874
94.5056620862218
91.2601169038031
88.0048214173771
84.6731103469421
81.2894206571968
77.9551008070592
74.6639846516504
71.3000669485287
67.8625614109679
64.508316376759
61.228514406386
57.8779114761095
54.5761331716027
51.440829328883
48.3603282182762
45.2996758566603
42.3972332100137
39.6880434076321
37.0594214644579
