151.732988094995
148.335294850185
146.336606492278
144.012085193147
140.85553235434
137.455573827376
134.336784914143
131.451619277862
128.449185862085
125.272578642297
122.07625104006
118.892646722276
115.654722148669
112.341691025702
108.974831277545
105.609838062644
102.187270321964
98.7159765580411
95.2166764842214
91.6345793386409
88.0031659605638
84.4236101502094
80.8870061713366
77.2775560539128
73.5965994804537
70.0021740368798
66.4852261517239
62.9000224571572
59.3661717035121
56.0015933114436
