161.291848109619
161.780015182415
161.210301163271
160.18849668509
158.932392608258
157.334369783606
155.23173930238
152.648720254446
149.804580034384
146.859531406227
143.729123185699
140.397229406558
136.943232593188
133.382655481829
129.702279361847
125.92938128532
122.094208647509
118.246547586415
114.33114219622
110.369300228664
106.390453252663
102.341596816131
98.2558440225634
94.2353227899891
90.2726727172
86.252535273755
82.175462771673
78.1983868833045
74.3113525072251
70.3677548492721
