147.273292127436
144.946035190186
142.520884825072
139.268286772177
135.719831028764
132.475687004338
129.535287539753
126.52299318075
123.345284509513
120.150139872078
116.980809442251
113.773842733502
110.501850792718
107.179651093994
103.86173034877
100.489646331311
97.0718931762195
93.6275672758036
90.1006465034158
86.5243045130613
82.9997156888038
79.5177794189957
75.9623915715924
72.3347217533347
68.7928005536714
65.3276068812211
61.7934169963226
58.3098467889412
54.9948352970053
51.7368762289107
