133.799630451314
131.109668177653
127.552754254636
124.032912295254
120.950057266031
118.058017701117
115.075709660357
111.95349134119
108.788746145555
105.65096784088
102.510449973046
99.3563680953927
96.1244387451924
92.8493901477325
89.560868135622
86.1930428512733
82.7695592932888
79.392008310238
76.0554387439279
72.6447828249102
69.1595100050697
65.7565130791972
62.4271897575422
59.0266044767148
55.6745964303074
52.4889284690081
49.358026804009
46.2470561027129
43.2945097501282
40.5355667288282
