112.927924513758
108.477417098017
105.047719359307
101.77102434323
98.2168610816098
94.5994835719079
91.2092228109563
87.9580615735291
84.7143787533118
81.4443531753901
78.1253619316704
74.8167716786411
71.6046321902381
68.4545617218066
65.2422202161044
61.9726730436403
58.8051278392791
55.7257287764848
52.5836433153353
49.4965748902898
46.5820879808982
43.7276070563243
40.8963277181483
38.224904469717
35.7472245877414
33.3496738070241
31.1473860995981
29.3043993156592
27.7610920380411
26.3473623466651
