108.416399025721
104.969126108953
101.686620708499
98.1267892365854
94.50093482462
91.1033638356179
87.8485519771508
84.6036293516909
81.3328987860125
78.0134261602986
74.7051647300693
71.4943708476446
68.3463318455496
65.1363790636235
61.8695196609118
58.7050139614403
55.6289832054658
52.4905025423095
49.4072013124138
46.4966142983645
43.646149007455
40.818972596987
38.1517035943814
35.67819766008
33.2848165260419
31.0866726871724
29.2477800914075
27.7084924421886
26.2986861321992
24.9236112250923
