105.774004901111
103.23444311857
100.436525130965
97.9793729015245
95.5746803580202
92.8477183492095
89.7581026351335
86.5471320554503
83.3999139673563
80.2535001093678
76.9441031907457
73.4905785539668
70.0882585291406
66.7406852645172
63.2953898070736
59.8689169892258
56.5858031887016
53.3422921375119
50.1064591436764
47.0170191287187
44.1103930395623
41.2766181185109
38.6343968242258
36.3507220695673
34.36862316037
32.5205798645292
30.714303871641
29.0763702273817
27.7615736343629
26.7971542454837
