104.714756422959
101.358934619706
97.7748170088228
94.1252858305235
90.6923584857698
87.4070834155812
84.1469876775189
80.8711778428678
77.5489070352499
74.2388334285142
71.0296563442135
67.887521388669
64.6863810828988
61.4298736637092
58.2770099743041
55.2141197501394
52.090178201064
49.0224262626065
46.1280763651274
43.2943991281224
40.4844851797106
37.8348254564184
35.3791106955206
33.0035609119217
30.823182503476
29.0018879386115
27.4799204589105
26.0870522176119
24.7284478270485
23.5283355456071
