120.268726171976
117.447420820125
114.296870239082
111.294790053844
108.434904723554
105.505804637028
102.427693582506
99.3066249453228
96.1474389614867
92.9578183402684
89.7273102947198
86.3900531820196
82.9901600474833
79.6381403241693
76.323916663367
72.9274109096689
69.4495673154475
66.0509385761149
62.7242224284578
59.3237962235174
55.9691134262554
52.7785301074195
49.6412242955976
46.5226604418824
43.5613546713079
40.7925911663612
38.1040530590568
35.612280272103
33.4828399480999
31.6576136701032
