122.378488448255
120.106210224477
117.173349886424
113.991791340173
110.985994844144
108.10450579798
105.142879641562
102.043745324741
98.9169471458289
95.7572199181997
92.5659517887371
89.3344327247973
85.999799720368
82.6059446637576
79.2614701138296
75.9553562466345
72.5677862347508
69.1000035971557
65.7123491525786
62.3971372218599
59.0085693855565
55.6661030493149
52.4880808400534
49.3635899909007
46.2579959840234
43.309754795362
40.554110537395
37.8786992055795
35.4000031776405
33.2835280469596
