105.697684463657
103.364750892891
100.130204997344
97.1016519692825
94.419836625032
91.6798673352282
88.6636465499465
85.4290707292017
82.1681202553532
78.9917379948261
75.82450866505
72.5256978188113
69.1223506739003
65.7968152857333
62.5396936043014
59.1962579301081
55.8852626003732
52.7305021271664
49.6246849007887
46.5330525018924
43.5932805385561
40.8412304525456
38.1658656639543
35.6845070876956
33.5629164205717
31.7431284907503
30.056724111181
28.4105203266327
26.9302003369097
25.7696894889415
