2025 05  2025.375 :  132.4     0
2025 06  2025.458 :  128.2     0
2025 07  2025.542 :  125.8     0
2025 08  2025.625 :  125.5   6.9
2025 09  2025.708 :  123.2   7.4
2025 10  2025.792 :  120.7   8.3
2025 11  2025.875 :  119.5   9.6
2025 12  2025.958 :  119.3  10.8
2026 01  2026.042 :  119.1  11.9
2026 02  2026.125 :  119.0  12.8
2026 03  2026.208 :  118.5  13.6
2026 04  2026.292 :  117.4  14.3
2026 05  2026.375 :  115.9  14.9
2026 06  2026.458 :  113.0  15.2
2026 07  2026.542 :  109.8  15.4
2026 08  2026.625 :  106.7  15.7
2026 09  2026.708 :  104.1  16.0
2026 10  2026.792 :  101.5  16.2
