2025 05  2025.375 :  130.4     0
2025 06  2025.458 :  124.0     0
2025 07  2025.542 :  118.5     0
2025 08  2025.625 :  120.7   6.6
2025 09  2025.708 :  119.4   7.3
2025 10  2025.792 :  117.6   8.1
2025 11  2025.875 :  115.8   9.3
2025 12  2025.958 :  114.3  10.4
2026 01  2026.042 :  112.8  11.3
2026 02  2026.125 :  111.3  12.1
2026 03  2026.208 :  109.7  12.8
2026 04  2026.292 :  108.0  13.4
2026 05  2026.375 :  106.2  13.9
2026 06  2026.458 :  104.2  14.4
2026 07  2026.542 :  102.2  14.8
2026 08  2026.625 :  100.1  15.1
2026 09  2026.708 :   97.9  15.4
2026 10  2026.792 :   95.5  15.6
