2025 05  2025.371 :  131.5     0
2025 06  2025.453 :  129.4     0
2025 07  2025.538 :  125.9     0
2025 08  2025.623 :  122.4   6.8
2025 09  2025.705 :  119.3   7.3
2025 10  2025.790 :  119.1   8.1
2025 11  2025.873 :  116.4   9.3
2025 12  2025.958 :  114.2  10.3
2026 01  2026.042 :  112.0  11.2
2026 02  2026.122 :  109.5  11.8
2026 03  2026.204 :  106.3  12.3
2026 04  2026.286 :  102.7  12.6
2026 05  2026.371 :   98.9  12.9
2026 06  2026.453 :   95.0  13.1
2026 07  2026.538 :   91.4  13.3
2026 08  2026.623 :   88.4  13.6
2026 09  2026.705 :   85.8  13.8
2026 10  2026.790 :   83.2  14.0
