2025 05  2025.375 : 131.0  26.2
2025 06  2025.458 : 129.8  26.0
2025 07  2025.542 : 129.2  25.8
2025 08  2025.625 : 126.3  25.3
2025 09  2025.708 : 122.6  24.5
2025 10  2025.792 : 120.4  24.1
2025 11  2025.875 : 120.6  24.1
2025 12  2025.958 : 121.4  24.3
2026 01  2026.042 : 121.3  24.3
2026 02  2026.125 : 121.1  24.2
2026 03  2026.208 : 120.3  24.1
2026 04  2026.292 : 118.6  23.7
2026 05  2026.375 : 116.8  23.4
2026 06  2026.458 : 113.4  22.7
2026 07  2026.542 : 109.7  21.9
2026 08  2026.625 : 106.6  21.3
2026 09  2026.708 : 104.3  20.9
2026 10  2026.792 : 101.7  20.3
