2025 05  2025.375 : 128.5  11.1
2025 06  2025.458 : 124.1  13.9
2025 07  2025.542 : 118.3  16.7
2025 08  2025.625 : 116.0  19.4
2025 09  2025.708 : 113.9  22.2
2025 10  2025.792 : 112.0  25.0
2025 11  2025.875 : 110.5  27.8
2025 12  2025.958 : 109.2  30.6
2026 01  2026.042 : 107.8  33.3
2026 02  2026.125 : 106.2  36.1
2026 03  2026.208 : 104.6  38.9
2026 04  2026.292 : 102.9  41.7
2026 05  2026.375 : 101.1  44.4
2026 06  2026.458 :  99.1  47.2
2026 07  2026.542 :  97.1  50.0
2026 08  2026.625 :  94.9  52.8
2026 09  2026.708 :  92.8  55.6
2026 10  2026.792 :  90.3  58.3
