2021 08  2021.623 :   34.0     0
2021 09  2021.705 :   37.1     0
2021 10  2021.790 :   40.6     0
2021 11  2021.873 :   46.2   4.0
2021 12  2021.958 :   50.5   4.6
2022 01  2022.042 :   54.2   5.5
2022 02  2022.122 :   56.8   6.6
2022 03  2022.204 :   58.8   7.7
2022 04  2022.286 :   63.4   9.0
2022 05  2022.371 :   69.0  10.5
2022 06  2022.453 :   73.1  11.8
2022 07  2022.538 :   76.4  12.9
2022 08  2022.623 :   79.2  13.9
2022 09  2022.705 :   81.8  15.0
2022 10  2022.790 :   85.3  16.1
2022 11  2022.873 :   89.6  17.5
2022 12  2022.958 :   92.8  18.6
2023 01  2023.042 :   95.4  19.6
