2021 08  2021.625 :   35.3     0
2021 09  2021.708 :   43.0     0
2021 10  2021.792 :   47.4     0
2021 11  2021.875 :   50.5   4.4
2021 12  2021.958 :   56.6   5.1
2022 01  2022.042 :   61.6   6.2
2022 02  2022.125 :   66.4   7.5
2022 03  2022.208 :   70.6   8.8
2022 04  2022.292 :   75.3  10.2
2022 05  2022.375 :   79.8  11.5
2022 06  2022.458 :   84.4  12.8
2022 07  2022.542 :   89.1  14.2
2022 08  2022.625 :   93.2  15.5
2022 09  2022.708 :   95.2  16.4
2022 10  2022.792 :   96.7  17.2
2022 11  2022.875 :   98.9  18.2
2022 12  2022.958 :  100.8  19.1
2023 01  2023.042 :  102.4  19.9
