2021 08  2021.625 :  35.5  11.1
2021 09  2021.708 :  38.9  13.9
2021 10  2021.792 :  43.0  16.7
2021 11  2021.875 :  45.6  19.4
2021 12  2021.958 :  48.4  22.2
2022 01  2022.042 :  51.1  25.0
2022 02  2022.125 :  53.7  27.8
2022 03  2022.208 :  56.6  30.6
2022 04  2022.292 :  59.6  33.3
2022 05  2022.375 :  62.5  36.1
2022 06  2022.458 :  65.3  38.9
2022 07  2022.542 :  67.7  41.7
2022 08  2022.625 :  69.9  44.4
2022 09  2022.708 :  71.4  47.2
2022 10  2022.792 :  72.5  50.0
2022 11  2022.875 :  73.4  52.8
2022 12  2022.958 :  74.1  55.6
2023 01  2023.042 :  74.8  58.3
