2021 08  2021.623 :  34.0   3.6
2021 09  2021.705 :  37.1   7.0
2021 10  2021.790 :  40.6  11.7
2021 11  2021.873 :  43.8  16.3
2021 12  2021.958 :  46.6  20.4
2022 01  2022.042 :  50.0  25.1
2022 02  2022.122 :  52.4  29.9
2022 03  2022.204 :  54.3  33.3
2022 04  2022.286 :  58.5  36.2
2022 05  2022.371 :  63.7  39.1
2022 06  2022.453 :  67.5  42.0
2022 07  2022.538 :  70.5  44.9
2022 08  2022.623 :  73.1  48.5
2022 09  2022.705 :  75.5  52.3
2022 10  2022.790 :  78.7  56.2
2022 11  2022.873 :  82.7  59.7
2022 12  2022.958 :  85.7  62.4
2023 01  2023.042 :  88.1  65.9
