2022 06  2022.453 :   80.8     0
2022 07  2022.538 :   84.1     0
2022 08  2022.623 :   87.5     0
2022 09  2022.705 :   88.0   5.8
2022 10  2022.790 :   90.2   6.5
2022 11  2022.873 :   91.8   7.5
2022 12  2022.958 :   94.9   8.8
2023 01  2023.042 :   97.8  10.1
2023 02  2023.122 :  101.0  11.4
2023 03  2023.204 :  104.3  12.6
2023 04  2023.286 :  107.0  13.6
2023 05  2023.371 :  109.6  14.7
2023 06  2023.453 :  111.7  15.6
2023 07  2023.538 :  113.8  16.6
2023 08  2023.623 :  116.1  17.6
2023 09  2023.705 :  118.3  18.6
2023 10  2023.790 :  120.0  19.4
2023 11  2023.873 :  121.6  20.2
