2022 06  2022.458 :   78.0     0
2022 07  2022.542 :   83.0     0
2022 08  2022.625 :   84.3     0
2022 09  2022.708 :   87.2   5.7
2022 10  2022.792 :   91.5   6.6
2022 11  2022.875 :   95.6   7.6
2022 12  2022.958 :  100.4   9.0
2023 01  2023.042 :  105.0  10.4
2023 02  2023.125 :  109.7  11.7
2023 03  2023.208 :  114.6  13.0
2023 04  2023.292 :  119.8  14.4
2023 05  2023.375 :  125.6  15.7
2023 06  2023.458 :  132.0  17.1
2023 07  2023.542 :  138.7  18.5
2023 08  2023.625 :  145.5  19.9
2023 09  2023.708 :  152.2  21.4
2023 10  2023.792 :  158.6  22.8
2023 11  2023.875 :  165.2  24.3
