2022 06  2022.458 :  81.5  11.1
2022 07  2022.542 :  85.9  13.9
2022 08  2022.625 :  86.0  16.7
2022 09  2022.708 :  90.7  19.4
2022 10  2022.792 :  95.4  22.2
2022 11  2022.875 :  99.7  25.0
2022 12  2022.958 : 104.0  27.8
2023 01  2023.042 : 108.0  30.6
2023 02  2023.125 : 111.9  33.3
2023 03  2023.208 : 116.1  36.1
2023 04  2023.292 : 120.5  38.9
2023 05  2023.375 : 125.2  41.7
2023 06  2023.458 : 130.4  44.4
2023 07  2023.542 : 135.7  47.2
2023 08  2023.625 : 141.2  50.0
2023 09  2023.708 : 146.8  52.8
2023 10  2023.792 : 152.1  55.6
2023 11  2023.875 : 157.9  58.3
