2022 06  2022.453 :  80.8   5.4
2022 07  2022.538 :  84.1  12.6
2022 08  2022.623 :  87.5  19.5
2022 09  2022.705 :  90.3  23.3
2022 10  2022.790 :  93.3  27.6
2022 11  2022.873 :  96.9  32.3
2022 12  2022.958 :  99.8  35.4
2023 01  2023.042 : 102.4  39.0
2023 02  2023.122 : 106.0  44.4
2023 03  2023.204 : 109.2  49.4
2023 04  2023.286 : 111.3  53.0
2023 05  2023.371 : 113.9  54.8
2023 06  2023.453 : 115.6  56.2
2023 07  2023.538 : 117.7  57.6
2023 08  2023.623 : 120.3  58.8
2023 09  2023.705 : 122.3  59.1
2023 10  2023.790 : 123.6  59.9
2023 11  2023.873 : 124.9  60.5
