2022 06  2022.458 :  81.1  16.2
2022 07  2022.542 :  86.2  17.2
2022 08  2022.625 :  90.8  18.2
2022 09  2022.708 :  94.2  18.8
2022 10  2022.792 :  97.3  19.5
2022 11  2022.875 : 101.1  20.2
2022 12  2022.958 : 104.7  20.9
2023 01  2023.042 : 107.9  21.6
2023 02  2023.125 : 111.7  22.3
2023 03  2023.208 : 114.9  23.0
2023 04  2023.292 : 117.1  23.4
2023 05  2023.375 : 119.6  23.9
2023 06  2023.458 : 121.4  24.3
2023 07  2023.542 : 121.0  24.2
2023 08  2023.625 : 120.5  24.1
2023 09  2023.708 : 119.9  24.0
2023 10  2023.792 : 120.1  24.0
2023 11  2023.875 : 119.9  24.0
