2023 08  2023.625 :  125.5     0
2023 09  2023.708 :  128.6     0
2023 10  2023.792 :  123.3     0
2023 11  2023.875 :  119.7   6.7
2023 12  2023.958 :  122.4   7.4
2024 01  2024.042 :  126.0   8.5
2024 02  2024.125 :  130.2  10.1
2024 03  2024.208 :  133.8  11.4
2024 04  2024.292 :  136.5  12.6
2024 05  2024.375 :  138.0  13.7
2024 06  2024.458 :  138.3  14.5
2024 07  2024.542 :  137.4  15.1
2024 08  2024.625 :  136.0  15.7
2024 09  2024.708 :  134.1  16.2
2024 10  2024.792 :  132.0  16.7
2024 11  2024.875 :  129.8  17.1
2024 12  2024.958 :  127.4  17.4
2025 01  2025.042 :  124.8  17.7
