2023 08  2023.623 :  126.2     0
2023 09  2023.705 :  127.7     0
2023 10  2023.790 :  128.9     0
2023 11  2023.873 :  119.6   6.9
2023 12  2023.958 :  121.0   7.6
2024 01  2024.042 :  123.6   8.5
2024 02  2024.124 :  124.7   9.9
2024 03  2024.206 :  124.8  11.0
2024 04  2024.288 :  124.6  12.0
2024 05  2024.373 :  124.5  13.0
2024 06  2024.455 :  125.3  14.1
2024 07  2024.540 :  126.9  15.2
2024 08  2024.624 :  128.0  16.1
2024 09  2024.706 :  128.5  16.9
2024 10  2024.791 :  128.6  17.6
2024 11  2024.873 :  128.3  18.2
2024 12  2024.958 :  127.6  18.7
2025 01  2025.042 :  126.9  19.2
