2023 08  2023.625 :  124.2     0
2023 09  2023.708 :  124.9     0
2023 10  2023.792 :  123.1     0
2023 11  2023.875 :  119.0   6.7
2023 12  2023.958 :  118.3   7.4
2024 01  2024.042 :  118.5   8.3
2024 02  2024.125 :  118.8   9.6
2024 03  2024.208 :  118.4  10.7
2024 04  2024.292 :  118.0  11.7
2024 05  2024.375 :  118.3  12.7
2024 06  2024.458 :  119.6  13.9
2024 07  2024.542 :  122.0  15.1
2024 08  2024.625 :  124.4  16.2
2024 09  2024.708 :  126.5  17.2
2024 10  2024.792 :  127.7  17.9
2024 11  2024.875 :  128.0  18.6
2024 12  2024.958 :  128.0  19.1
2025 01  2025.042 :  127.3  19.6
