2023 08  2023.623 : 126.2   9.7
2023 09  2023.705 : 127.7  17.7
2023 10  2023.790 : 128.9  24.6
2023 11  2023.873 : 130.3  29.6
2023 12  2023.958 : 132.4  34.1
2024 01  2024.042 : 134.3  38.2
2024 02  2024.124 : 134.8  41.0
2024 03  2024.206 : 133.9  45.1
2024 04  2024.288 : 133.2  48.9
2024 05  2024.373 : 133.2  50.5
2024 06  2024.455 : 135.1  53.9
2024 07  2024.540 : 137.9  56.3
2024 08  2024.624 : 138.6  55.0
2024 09  2024.706 : 138.6  51.5
2024 10  2024.791 : 138.3  50.3
2024 11  2024.873 : 137.5  53.2
2024 12  2024.958 : 136.4  56.7
2025 01  2025.042 : 135.5  59.3
