2023 08  2023.625 : 124.7  11.1
2023 09  2023.708 : 127.3  13.9
2023 10  2023.792 : 118.2  16.7
2023 11  2023.875 : 121.7  19.4
2023 12  2023.958 : 125.9  22.2
2024 01  2024.042 : 130.0  25.0
2024 02  2024.125 : 133.6  27.8
2024 03  2024.208 : 136.3  30.6
2024 04  2024.292 : 137.8  33.3
2024 05  2024.375 : 138.0  36.1
2024 06  2024.458 : 137.0  38.9
2024 07  2024.542 : 135.0  41.7
2024 08  2024.625 : 132.9  44.4
2024 09  2024.708 : 130.6  47.2
2024 10  2024.792 : 128.4  50.0
2024 11  2024.875 : 126.0  52.8
2024 12  2024.958 : 123.4  55.6
2025 01  2025.042 : 120.9  58.3
