2024 08  2024.625 :  157.1     0
2024 09  2024.708 :  158.7     0
2024 10  2024.792 :  159.5     0
2024 11  2024.875 :  157.6   7.7
2024 12  2024.958 :  155.2   8.4
2025 01  2025.042 :  151.8   9.2
2025 02  2025.125 :  148.6  10.5
2025 03  2025.208 :  146.2  11.7
2025 04  2025.292 :  143.8  12.6
2025 05  2025.375 :  140.6  13.4
2025 06  2025.458 :  137.0  14.0
2025 07  2025.542 :  132.5  14.3
2025 08  2025.625 :  127.4  14.5
2025 09  2025.708 :  125.3  15.2
2025 10  2025.792 :  124.2  16.0
2025 11  2025.875 :  123.7  16.7
2025 12  2025.958 :  123.2  17.3
2026 01  2026.042 :  122.9  18.0
