2024 08  2024.625 :  161.3     0
2024 09  2024.708 :  169.1     0
2024 10  2024.792 :  170.9     0
2024 11  2024.875 :  164.0   7.9
2024 12  2024.958 :  160.0   8.5
2025 01  2025.042 :  156.2   9.4
2025 02  2025.125 :  153.2  10.8
2025 03  2025.208 :  150.2  11.8
2025 04  2025.292 :  147.5  12.8
2025 05  2025.375 :  145.1  13.7
2025 06  2025.458 :  142.8  14.5
2025 07  2025.542 :  140.8  15.2
2025 08  2025.625 :  138.9  15.9
2025 09  2025.708 :  136.9  16.5
2025 10  2025.792 :  135.1  17.0
2025 11  2025.875 :  133.2  17.5
2025 12  2025.958 :  131.3  18.0
2026 01  2026.042 :  129.4  18.4
