2024 08  2024.624 :  154.7     0
2024 09  2024.706 :  154.3     0
2024 10  2024.791 :  153.8     0
2024 11  2024.873 :  153.9   7.7
2024 12  2024.958 :  151.1   8.4
2025 01  2025.042 :  153.5   9.4
2025 02  2025.122 :  152.3  10.8
2025 03  2025.204 :  151.8  12.1
2025 04  2025.286 :  151.2  13.2
2025 05  2025.371 :  149.9  14.1
2025 06  2025.453 :  148.2  14.9
2025 07  2025.538 :  145.6  15.4
2025 08  2025.623 :  142.0  15.8
2025 09  2025.705 :  138.4  16.2
2025 10  2025.790 :  134.7  16.6
2025 11  2025.873 :  131.4  17.0
2025 12  2025.958 :  128.4  17.3
2026 01  2026.042 :  125.3  17.6
