2024 08  2024.624 : 154.7   7.2
2024 09  2024.706 : 154.3  11.4
2024 10  2024.791 : 153.8  15.0
2024 11  2024.873 : 152.3  18.8
2024 12  2024.958 : 150.2  23.3
2025 01  2025.042 : 148.6  26.5
2025 02  2025.122 : 147.7  28.2
2025 03  2025.204 : 147.8  29.6
2025 04  2025.286 : 147.1  29.5
2025 05  2025.371 : 145.0  30.2
2025 06  2025.453 : 142.8  33.2
2025 07  2025.538 : 139.3  35.2
2025 08  2025.623 : 135.0  35.7
2025 09  2025.705 : 131.3  35.4
2025 10  2025.790 : 127.9  35.7
2025 11  2025.873 : 124.9  35.6
2025 12  2025.958 : 122.3  33.4
2026 01  2026.042 : 119.3  31.2
