2024 08  2024.625 : 156.5  31.3
2024 09  2024.708 : 156.0  31.2
2024 10  2024.792 : 154.2  30.8
2024 11  2024.875 : 151.6  30.3
2024 12  2024.958 : 148.9  29.8
2025 01  2025.042 : 145.4  29.1
2025 02  2025.125 : 142.1  28.4
2025 03  2025.208 : 140.5  28.1
2025 04  2025.292 : 138.2  27.6
2025 05  2025.375 : 134.4  26.9
2025 06  2025.458 : 130.6  26.1
2025 07  2025.542 : 125.2  25.0
2025 08  2025.625 : 119.8  24.0
2025 09  2025.708 : 118.5  23.7
2025 10  2025.792 : 118.6  23.7
2025 11  2025.875 : 118.6  23.7
2025 12  2025.958 : 118.3  23.7
2026 01  2026.042 : 118.1  23.6
