2024 08  2024.625 : 162.1  11.1
2024 09  2024.708 : 168.2  13.9
2024 10  2024.792 : 166.2  16.7
2024 11  2024.875 : 163.1  19.4
2024 12  2024.958 : 159.8  22.2
2025 01  2025.042 : 156.6  25.0
2025 02  2025.125 : 153.6  27.8
2025 03  2025.208 : 150.6  30.6
2025 04  2025.292 : 148.1  33.3
2025 05  2025.375 : 145.9  36.1
2025 06  2025.458 : 143.8  38.9
2025 07  2025.542 : 142.0  41.7
2025 08  2025.625 : 140.1  44.4
2025 09  2025.708 : 138.1  47.2
2025 10  2025.792 : 136.2  50.0
2025 11  2025.875 : 134.3  52.8
2025 12  2025.958 : 132.4  55.6
2026 01  2026.042 : 130.5  58.3
