2024 10  2024.791 :  158.6     0
2024 11  2024.873 :  157.0     0
2024 12  2024.958 :  154.9     0
2025 01  2025.042 :  148.9   7.6
2025 02  2025.122 :  147.5   8.3
2025 03  2025.204 :  148.7   9.3
2025 04  2025.286 :  148.0  10.7
2025 05  2025.371 :  146.7  11.9
2025 06  2025.453 :  144.8  12.8
2025 07  2025.538 :  142.3  13.6
2025 08  2025.623 :  138.9  14.1
2025 09  2025.705 :  135.3  14.7
2025 10  2025.790 :  131.8  15.2
2025 11  2025.873 :  128.5  15.6
2025 12  2025.958 :  125.5  16.0
2026 01  2026.042 :  122.5  16.4
2026 02  2026.122 :  119.2  16.6
2026 03  2026.204 :  115.4  16.6
