2024 10  2024.792 :  157.9     0
2024 11  2024.875 :  156.7     0
2024 12  2024.958 :  154.9     0
2025 01  2025.042 :  151.1   7.6
2025 02  2025.125 :  148.0   8.2
2025 03  2025.208 :  145.5   9.1
2025 04  2025.292 :  143.1  10.4
2025 05  2025.375 :  140.0  11.4
2025 06  2025.458 :  136.6  12.2
2025 07  2025.542 :  132.2  12.8
2025 08  2025.625 :  127.4  13.2
2025 09  2025.708 :  123.2  13.7
2025 10  2025.792 :  120.1  14.3
2025 11  2025.875 :  119.6  15.1
2025 12  2025.958 :  119.2  15.8
2026 01  2026.042 :  118.8  16.5
2026 02  2026.125 :  118.3  17.1
2026 03  2026.208 :  117.5  17.6
