2024 10  2024.792 :  162.9     0
2024 11  2024.875 :  163.3     0
2024 12  2024.958 :  156.5     0
2025 01  2025.042 :  152.0   7.5
2025 02  2025.125 :  148.9   8.1
2025 03  2025.208 :  145.7   9.0
2025 04  2025.292 :  143.0  10.3
2025 05  2025.375 :  140.6  11.4
2025 06  2025.458 :  138.5  12.4
2025 07  2025.542 :  136.6  13.3
2025 08  2025.625 :  134.8  14.1
2025 09  2025.708 :  132.9  14.8
2025 10  2025.792 :  131.1  15.4
2025 11  2025.875 :  129.2  16.0
2025 12  2025.958 :  127.4  16.5
2026 01  2026.042 :  125.4  17.0
2026 02  2026.125 :  123.5  17.4
2026 03  2026.208 :  121.4  17.8
