2024 10  2024.792 : 158.8  31.8
2024 11  2024.875 : 156.1  31.2
2024 12  2024.958 : 153.4  30.7
2025 01  2025.042 : 149.9  30.0
2025 02  2025.125 : 146.5  29.3
2025 03  2025.208 : 144.9  29.0
2025 04  2025.292 : 142.6  28.5
2025 05  2025.375 : 138.7  27.7
2025 06  2025.458 : 134.9  27.0
2025 07  2025.542 : 129.5  25.9
2025 08  2025.625 : 124.1  24.8
2025 09  2025.708 : 120.6  24.1
2025 10  2025.792 : 118.6  23.7
2025 11  2025.875 : 118.6  23.7
2025 12  2025.958 : 118.3  23.7
2026 01  2026.042 : 118.1  23.6
2026 02  2026.125 : 117.4  23.5
2026 03  2026.208 : 116.1  23.2
