2024 10  2024.791 : 158.6   5.7
2024 11  2024.873 : 157.0  10.2
2024 12  2024.958 : 154.9  16.6
2025 01  2025.042 : 153.3  21.3
2025 02  2025.122 : 152.3  23.7
2025 03  2025.204 : 152.1  25.7
2025 04  2025.286 : 151.2  26.6
2025 05  2025.371 : 149.1  28.9
2025 06  2025.453 : 146.7  32.4
2025 07  2025.538 : 143.2  34.3
2025 08  2025.623 : 138.9  34.8
2025 09  2025.705 : 135.1  34.7
2025 10  2025.790 : 131.6  35.4
2025 11  2025.873 : 128.4  35.4
2025 12  2025.958 : 125.6  32.9
2026 01  2026.042 : 122.4  30.4
2026 02  2026.122 : 118.7  28.9
2026 03  2026.204 : 114.2  27.4
