2024 10  2024.792 : 163.6  11.1
2024 11  2024.875 : 160.9  13.9
2024 12  2024.958 : 150.4  16.7
2025 01  2025.042 : 147.3  19.4
2025 02  2025.125 : 144.4  22.2
2025 03  2025.208 : 141.5  25.0
2025 04  2025.292 : 139.0  27.8
2025 05  2025.375 : 136.9  30.6
2025 06  2025.458 : 135.1  33.3
2025 07  2025.542 : 133.4  36.1
2025 08  2025.625 : 131.8  38.9
2025 09  2025.708 : 129.9  41.7
2025 10  2025.792 : 128.2  44.4
2025 11  2025.875 : 126.3  47.2
2025 12  2025.958 : 124.4  50.0
2026 01  2026.042 : 122.4  52.8
2026 02  2026.125 : 120.4  55.6
2026 03  2026.208 : 118.2  58.3
