2022 04  2022.286 :   73.1     0
2022 05  2022.371 :   77.7     0
2022 06  2022.453 :   81.4     0
2022 07  2022.538 :   85.2   5.6
2022 08  2022.623 :   88.0   6.4
2022 09  2022.705 :   88.2   7.3
2022 10  2022.790 :   91.4   8.7
2022 11  2022.873 :   95.0  10.1
2022 12  2022.958 :   98.4  11.3
2023 01  2023.042 :  101.5  12.5
2023 02  2023.122 :  105.0  13.8
2023 03  2023.204 :  108.5  14.9
2023 04  2023.286 :  111.2  15.9
2023 05  2023.371 :  113.7  16.9
2023 06  2023.453 :  116.0  17.9
2023 07  2023.538 :  118.1  18.8
2023 08  2023.623 :  120.7  19.9
2023 09  2023.705 :  123.1  20.8
