2022 04  2022.292 :   68.8     0
2022 05  2022.375 :   75.8     0
2022 06  2022.458 :   80.7     0
2022 07  2022.542 :   83.6   5.7
2022 08  2022.625 :   87.7   6.5
2022 09  2022.708 :   91.6   7.5
2022 10  2022.792 :   95.3   8.9
2022 11  2022.875 :   99.1  10.2
2022 12  2022.958 :  102.9  11.5
2023 01  2023.042 :  106.4  12.8
2023 02  2023.125 :  110.1  14.0
2023 03  2023.208 :  113.6  15.2
2023 04  2023.292 :  116.4  16.3
2023 05  2023.375 :  117.7  17.1
2023 06  2023.458 :  118.6  17.9
2023 07  2023.542 :  118.8  18.4
2023 08  2023.625 :  118.7  19.0
2023 09  2023.708 :  118.3  19.5
