2022 04  2022.292 :  72.5  14.5
2022 05  2022.375 :  77.6  15.5
2022 06  2022.458 :  82.8  16.6
2022 07  2022.542 :  88.1  17.6
2022 08  2022.625 :  92.7  18.5
2022 09  2022.708 :  96.3  19.3
2022 10  2022.792 :  99.4  19.9
2022 11  2022.875 : 103.3  20.7
2022 12  2022.958 : 107.0  21.4
2023 01  2023.042 : 110.3  22.1
2023 02  2023.125 : 114.2  22.8
2023 03  2023.208 : 117.6  23.5
2023 04  2023.292 : 119.8  24.0
2023 05  2023.375 : 120.9  24.2
2023 06  2023.458 : 121.4  24.3
2023 07  2023.542 : 121.0  24.2
2023 08  2023.625 : 120.5  24.1
2023 09  2023.708 : 119.9  24.0
