2025 03  2025.208 :  139.4     0
2025 04  2025.292 :  134.9     0
2025 05  2025.375 :  125.8     0
2025 06  2025.458 :  122.7   6.7
2025 07  2025.542 :  120.8   7.3
2025 08  2025.625 :  119.1   8.1
2025 09  2025.708 :  117.1   9.3
2025 10  2025.792 :  115.2  10.3
2025 11  2025.875 :  113.6  11.2
2025 12  2025.958 :  112.2  12.0
2026 01  2026.042 :  110.7  12.8
2026 02  2026.125 :  109.1  13.4
2026 03  2026.208 :  107.4  14.0
2026 04  2026.292 :  105.7  14.5
2026 05  2026.375 :  103.9  15.0
2026 06  2026.458 :  101.9  15.3
2026 07  2026.542 :   99.8  15.7
2026 08  2026.625 :   97.7  15.9
