2025 03  2025.204 :  140.3     0
2025 04  2025.286 :  140.0     0
2025 05  2025.371 :  138.3     0
2025 06  2025.453 :  126.6   7.1
2025 07  2025.538 :  124.4   7.6
2025 08  2025.623 :  124.0   8.3
2025 09  2025.705 :  120.7   9.4
2025 10  2025.790 :  117.7  10.4
2025 11  2025.873 :  114.9  11.2
2025 12  2025.958 :  112.5  12.0
2026 01  2026.042 :  110.0  12.6
2026 02  2026.122 :  107.3  13.1
2026 03  2026.204 :  103.9  13.4
2026 04  2026.286 :  100.2  13.6
2026 05  2026.371 :   96.6  13.8
2026 06  2026.453 :   92.8  13.9
2026 07  2026.538 :   89.3  14.0
2026 08  2026.623 :   86.3  14.2
