2025 03  2025.208 :  142.5     0
2025 04  2025.292 :  140.3     0
2025 05  2025.375 :  133.2     0
2025 06  2025.458 :  127.2   6.9
2025 07  2025.542 :  125.7   7.6
2025 08  2025.625 :  123.7   8.3
2025 09  2025.708 :  120.4   9.5
2025 10  2025.792 :  117.5  10.5
2025 11  2025.875 :  116.3  11.6
2025 12  2025.958 :  116.1  12.7
2026 01  2026.042 :  115.7  13.6
2026 02  2026.125 :  115.1  14.4
2026 03  2026.208 :  114.2  15.1
2026 04  2026.292 :  112.4  15.5
2026 05  2026.375 :  110.2  15.9
2026 06  2026.458 :  107.6  16.1
2026 07  2026.542 :  104.5  16.2
2026 08  2026.625 :  101.6  16.4
