2025 03  2025.208 : 136.6  27.3
2025 04  2025.292 : 134.4  26.9
2025 05  2025.375 : 132.0  26.4
2025 06  2025.458 : 130.8  26.2
2025 07  2025.542 : 130.3  26.1
2025 08  2025.625 : 127.6  25.5
2025 09  2025.708 : 124.0  24.8
2025 10  2025.792 : 121.9  24.4
2025 11  2025.875 : 122.2  24.4
2025 12  2025.958 : 123.1  24.6
2026 01  2026.042 : 123.1  24.6
2026 02  2026.125 : 123.0  24.6
2026 03  2026.208 : 122.3  24.5
2026 04  2026.292 : 119.5  23.9
2026 05  2026.375 : 116.7  23.3
2026 06  2026.458 : 113.3  22.7
2026 07  2026.542 : 109.6  21.9
2026 08  2026.625 : 106.6  21.3
