2025 03  2025.204 : 140.3   6.2
2025 04  2025.286 : 140.0  12.4
2025 05  2025.371 : 138.3  18.0
2025 06  2025.453 : 136.1  22.0
2025 07  2025.538 : 132.6  24.1
2025 08  2025.623 : 128.3  24.8
2025 09  2025.705 : 124.7  25.2
2025 10  2025.790 : 121.6  27.2
2025 11  2025.873 : 119.0  28.5
2025 12  2025.958 : 116.9  28.2
2026 01  2026.042 : 114.4  27.6
2026 02  2026.122 : 111.3  27.0
2026 03  2026.204 : 107.2  25.6
2026 04  2026.286 : 103.0  24.3
2026 05  2026.371 :  99.2  23.4
2026 06  2026.453 :  95.0  23.5
2026 07  2026.538 :  91.4  24.8
2026 08  2026.623 :  88.9  26.7
