2025 03  2025.208 : 134.7  11.1
2025 04  2025.292 : 129.1  13.9
2025 05  2025.375 : 123.4  16.7
2025 06  2025.458 : 120.9  19.4
2025 07  2025.542 : 118.5  22.2
2025 08  2025.625 : 116.1  25.0
2025 09  2025.708 : 114.1  27.8
2025 10  2025.792 : 112.2  30.6
2025 11  2025.875 : 110.7  33.3
2025 12  2025.958 : 109.4  36.1
2026 01  2026.042 : 107.9  38.9
2026 02  2026.125 : 106.4  41.7
2026 03  2026.208 : 104.7  44.4
2026 04  2026.292 : 103.1  47.2
2026 05  2026.375 : 101.2  50.0
2026 06  2026.458 :  99.2  52.8
2026 07  2026.542 :  97.2  55.6
2026 08  2026.625 :  95.1  58.3
