2024 12  2024.958 :  154.8     0
2025 01  2025.042 :  153.2     0
2025 02  2025.122 :  152.2     0
2025 03  2025.204 :  138.4   7.6
2025 04  2025.286 :  134.2   8.3
2025 05  2025.371 :  137.6   9.1
2025 06  2025.453 :  135.9  10.3
2025 07  2025.538 :  133.5  11.2
2025 08  2025.623 :  130.3  11.9
2025 09  2025.705 :  127.0  12.6
2025 10  2025.790 :  123.8  13.1
2025 11  2025.873 :  120.7  13.7
2025 12  2025.958 :  117.9  14.2
2026 01  2026.042 :  115.0  14.5
2026 02  2026.122 :  111.8  14.8
2026 03  2026.204 :  108.2  14.9
2026 04  2026.286 :  104.4  15.0
2026 05  2026.371 :  100.7  15.1
