2024 12  2024.958 :  157.2     0
2025 01  2025.042 :  153.4     0
2025 02  2025.125 :  150.5     0
2025 03  2025.208 :  142.9   7.5
2025 04  2025.292 :  139.0   8.1
2025 05  2025.375 :  134.3   9.0
2025 06  2025.458 :  131.1  10.1
2025 07  2025.542 :  127.1  10.8
2025 08  2025.625 :  122.7  11.5
2025 09  2025.708 :  118.8  12.1
2025 10  2025.792 :  116.0  12.8
2025 11  2025.875 :  113.6  13.4
2025 12  2025.958 :  111.3  14.0
2026 01  2026.042 :  111.0  14.7
2026 02  2026.125 :  110.6  15.3
2026 03  2026.208 :  109.8  15.8
2026 04  2026.292 :  108.4  16.2
2026 05  2026.375 :  106.5  16.4
