2024 12  2024.958 :  157.6     0
2025 01  2025.042 :  150.5     0
2025 02  2025.125 :  146.4     0
2025 03  2025.208 :  140.1   7.3
2025 04  2025.292 :  136.2   7.9
2025 05  2025.375 :  132.1   8.8
2025 06  2025.458 :  130.1  10.0
2025 07  2025.542 :  128.3  11.0
2025 08  2025.625 :  126.7  11.9
2025 09  2025.708 :  124.9  12.7
2025 10  2025.792 :  123.3  13.4
2025 11  2025.875 :  121.5  14.0
2025 12  2025.958 :  119.7  14.6
2026 01  2026.042 :  117.8  15.1
2026 02  2026.125 :  116.0  15.5
2026 03  2026.208 :  114.0  15.9
2026 04  2026.292 :  111.9  16.2
2026 05  2026.375 :  109.6  16.5
