2024 12  2024.958 : 155.6  31.1
2025 01  2025.042 : 152.3  30.5
2025 02  2025.125 : 149.2  29.8
2025 03  2025.208 : 147.9  29.6
2025 04  2025.292 : 145.8  29.2
2025 05  2025.375 : 142.2  28.4
2025 06  2025.458 : 138.6  27.7
2025 07  2025.542 : 133.4  26.7
2025 08  2025.625 : 128.3  25.7
2025 09  2025.708 : 125.1  25.0
2025 10  2025.792 : 123.3  24.7
2025 11  2025.875 : 121.5  24.3
2025 12  2025.958 : 119.3  23.9
2026 01  2026.042 : 119.1  23.8
2026 02  2026.125 : 118.4  23.7
2026 03  2026.208 : 117.1  23.4
2026 04  2026.292 : 115.1  23.0
2026 05  2026.375 : 112.3  22.5
