2024 12  2024.958 : 153.6  11.1
2025 01  2025.042 : 143.9  13.9
2025 02  2025.125 : 139.6  16.7
2025 03  2025.208 : 136.8  19.4
2025 04  2025.292 : 134.4  22.2
2025 05  2025.375 : 132.3  25.0
2025 06  2025.458 : 130.6  27.8
2025 07  2025.542 : 129.1  30.6
2025 08  2025.625 : 127.5  33.3
2025 09  2025.708 : 125.7  36.1
2025 10  2025.792 : 124.0  38.9
2025 11  2025.875 : 122.2  41.7
2025 12  2025.958 : 120.3  44.4
2026 01  2026.042 : 118.3  47.2
2026 02  2026.125 : 116.3  50.0
2026 03  2026.208 : 114.1  52.8
2026 04  2026.292 : 111.8  55.6
2026 05  2026.375 : 109.3  58.3
