2024 12  2024.958 : 154.8   8.3
2025 01  2025.042 : 153.2  14.1
2025 02  2025.122 : 152.2  17.6
2025 03  2025.204 : 152.0  20.7
2025 04  2025.286 : 151.2  23.3
2025 05  2025.371 : 149.0  26.8
2025 06  2025.453 : 146.6  30.5
2025 07  2025.538 : 143.1  32.2
2025 08  2025.623 : 138.8  32.6
2025 09  2025.705 : 135.0  32.6
2025 10  2025.790 : 131.5  33.9
2025 11  2025.873 : 128.4  34.2
2025 12  2025.958 : 125.6  32.1
2026 01  2026.042 : 122.4  29.7
2026 02  2026.122 : 118.7  28.1
2026 03  2026.204 : 114.2  26.5
2026 04  2026.286 : 109.8  25.9
2026 05  2026.371 : 105.8  25.5
