2025 12  2025.958 :  109.5     0
2026 01  2026.042 :  106.5     0
2026 02  2026.125 :  100.7     0
2026 03  2026.208 :   96.0   6.0
2026 04  2026.292 :   93.7   6.5
2026 05  2026.375 :   92.1   7.1
2026 06  2026.458 :   90.3   8.2
2026 07  2026.542 :   88.4   9.0
2026 08  2026.625 :   86.3   9.7
2026 09  2026.708 :   84.2  10.2
2026 10  2026.792 :   82.0  10.7
2026 11  2026.875 :   79.4  11.0
2026 12  2026.958 :   76.8  11.2
2027 01  2027.042 :   74.1  11.5
2027 02  2027.125 :   71.5  11.6
2027 03  2027.208 :   68.9  11.7
2027 04  2027.292 :   66.4  11.8
2027 05  2027.375 :   63.9  11.9
