2025 12  2025.958 :  109.1     0
2026 01  2026.042 :  110.2     0
2026 02  2026.125 :  108.0     0
2026 03  2026.208 :  100.7   6.3
2026 04  2026.292 :   98.8   6.8
2026 05  2026.375 :   97.7   7.5
2026 06  2026.458 :   96.4   8.6
2026 07  2026.542 :   94.9   9.5
2026 08  2026.625 :   93.5  10.3
2026 09  2026.708 :   92.4  11.0
2026 10  2026.792 :   91.4  11.7
2026 11  2026.875 :   90.2  12.3
2026 12  2026.958 :   88.9  12.8
2027 01  2027.042 :   85.9  13.0
2027 02  2027.125 :   82.6  13.1
2027 03  2027.208 :   79.5  13.2
2027 04  2027.292 :   76.9  13.4
2027 05  2027.375 :   74.6  13.6
