2025 12  2025.958 :  105.3     0
2026 01  2026.042 :  103.7     0
2026 02  2026.122 :  101.3     0
2026 03  2026.204 :   94.3   6.1
2026 04  2026.286 :   90.8   6.5
2026 05  2026.371 :   91.1   7.1
2026 06  2026.453 :   87.7   8.0
2026 07  2026.538 :   84.5   8.7
2026 08  2026.623 :   81.7   9.3
2026 09  2026.705 :   79.3   9.9
2026 10  2026.790 :   76.9  10.4
2026 11  2026.873 :   74.4  10.7
2026 12  2026.958 :   71.6  10.9
2027 01  2027.042 :   68.6  11.0
2027 02  2027.122 :   65.4  11.0
2027 03  2027.204 :   62.8  11.2
2027 04  2027.286 :   60.7  11.5
2027 05  2027.371 :   58.8  11.6
