2025 12  2025.958 : 105.6  21.1
2026 01  2026.042 : 106.3  21.3
2026 02  2026.125 : 106.8  21.4
2026 03  2026.208 : 106.7  21.3
2026 04  2026.292 : 105.7  21.1
2026 05  2026.375 : 104.6  20.9
2026 06  2026.458 : 102.9  20.6
2026 07  2026.542 : 101.0  20.2
2026 08  2026.625 :  99.7  19.9
2026 09  2026.708 :  99.0  19.8
2026 10  2026.792 :  98.2  19.6
2026 11  2026.875 :  96.8  19.4
2026 12  2026.958 :  95.4  19.1
2027 01  2027.042 :  91.6  18.3
2027 02  2027.125 :  87.7  17.5
2027 03  2027.208 :  84.6  16.9
2027 04  2027.292 :  82.1  16.4
2027 05  2027.375 :  80.0  16.0
