2025 12  2025.958 : 106.4  11.1
2026 01  2026.042 : 100.3  13.9
2026 02  2026.125 :  96.1  16.7
2026 03  2026.208 :  94.3  19.4
2026 04  2026.292 :  92.6  22.2
2026 05  2026.375 :  90.7  25.0
2026 06  2026.458 :  88.6  27.8
2026 07  2026.542 :  86.6  30.6
2026 08  2026.625 :  84.4  33.3
2026 09  2026.708 :  82.1  36.1
2026 10  2026.792 :  79.6  38.9
2026 11  2026.875 :  76.6  41.7
2026 12  2026.958 :  73.8  44.4
2027 01  2027.042 :  71.0  47.2
2027 02  2027.125 :  68.3  50.0
2027 03  2027.208 :  65.6  52.8
2027 04  2027.292 :  63.2  55.6
2027 05  2027.375 :  60.6  58.3
