2025 12  2025.958 : 105.3   5.1
2026 01  2026.042 : 103.7   9.8
2026 02  2026.122 : 101.3  12.5
2026 03  2026.204 :  98.0  13.5
2026 04  2026.286 :  94.2  13.7
2026 05  2026.371 :  90.8  14.6
2026 06  2026.453 :  87.2  16.3
2026 07  2026.538 :  84.0  18.1
2026 08  2026.623 :  81.6  20.0
2026 09  2026.705 :  79.4  21.7
2026 10  2026.790 :  77.0  23.6
2026 11  2026.873 :  74.3  24.9
2026 12  2026.958 :  71.2  24.9
2027 01  2027.042 :  67.9  24.1
2027 02  2027.122 :  64.4  24.8
2027 03  2027.204 :  62.1  26.4
2027 04  2027.286 :  60.6  28.6
2027 05  2027.371 :  58.8  30.3
