2023 04  2023.286 :  122.6     0
2023 05  2023.371 :  124.9     0
2023 06  2023.453 :  126.4     0
2023 07  2023.538 :  135.0   7.1
2023 08  2023.623 :  135.5   7.9
2023 09  2023.705 :  135.8   9.0
2023 10  2023.790 :  137.6  10.5
2023 11  2023.873 :  139.2  11.8
2023 12  2023.958 :  141.1  13.1
2024 01  2024.042 :  143.1  14.3
2024 02  2024.124 :  144.3  15.4
2024 03  2024.206 :  144.6  16.2
2024 04  2024.288 :  144.3  17.0
2024 05  2024.373 :  143.9  17.7
2024 06  2024.455 :  144.5  18.7
2024 07  2024.540 :  146.0  19.8
2024 08  2024.624 :  147.0  20.6
2024 09  2024.706 :  147.6  21.3
