2023 04  2023.292 :  121.5     0
2023 05  2023.375 :  126.2     0
2023 06  2023.458 :  131.6     0
2023 07  2023.542 :  136.2   7.2
2023 08  2023.625 :  140.1   8.2
2023 09  2023.708 :  144.5   9.4
2023 10  2023.792 :  150.0  11.1
2023 11  2023.875 :  156.1  12.9
2023 12  2023.958 :  162.5  14.6
2024 01  2024.042 :  168.8  16.2
2024 02  2024.125 :  174.4  17.7
2024 03  2024.208 :  178.9  19.0
2024 04  2024.292 :  182.0  20.1
2024 05  2024.375 :  183.3  20.9
2024 06  2024.458 :  182.9  21.5
2024 07  2024.542 :  181.3  22.0
2024 08  2024.625 :  179.0  22.4
2024 09  2024.708 :  176.5  22.8
