2023 04  2023.292 : 122.3  24.5
2023 05  2023.375 : 123.2  24.6
2023 06  2023.458 : 123.4  24.7
2023 07  2023.542 : 122.9  24.6
2023 08  2023.625 : 122.1  24.4
2023 09  2023.708 : 121.4  24.3
2023 10  2023.792 : 121.3  24.3
2023 11  2023.875 : 120.9  24.2
2023 12  2023.958 : 121.0  24.2
2024 01  2024.042 : 121.8  24.4
2024 02  2024.125 : 122.1  24.4
2024 03  2024.208 : 121.2  24.2
2024 04  2024.292 : 120.6  24.1
2024 05  2024.375 : 121.9  24.4
2024 06  2024.458 : 124.7  24.9
2024 07  2024.542 : 128.5  25.7
2024 08  2024.625 : 131.2  26.2
2024 09  2024.708 : 132.8  26.6
