2023 04  2023.286 : 122.6   7.2
2023 05  2023.371 : 124.9  13.0
2023 06  2023.453 : 126.4  18.0
2023 07  2023.538 : 128.1  24.2
2023 08  2023.623 : 130.4  29.8
2023 09  2023.705 : 131.9  34.2
2023 10  2023.790 : 133.3  38.8
2023 11  2023.873 : 134.7  42.6
2023 12  2023.958 : 136.8  46.2
2024 01  2024.042 : 138.7  49.1
2024 02  2024.124 : 139.1  51.0
2024 03  2024.206 : 138.3  54.4
2024 04  2024.288 : 137.5  57.3
2024 05  2024.373 : 137.2  57.6
2024 06  2024.455 : 138.7  59.5
2024 07  2024.540 : 141.0  60.5
2024 08  2024.624 : 141.5  58.7
2024 09  2024.706 : 141.5  55.4
