2022 09  2022.708 :   89.1     0
2022 10  2022.792 :   92.4     0
2022 11  2022.875 :   93.9     0
2022 12  2022.958 :  101.9   6.2
2023 01  2023.042 :  106.8   7.0
2023 02  2023.125 :  110.8   8.1
2023 03  2023.208 :  114.2   9.6
2023 04  2023.292 :  116.9  10.9
2023 05  2023.375 :  119.5  12.2
2023 06  2023.458 :  121.6  13.3
2023 07  2023.542 :  123.1  14.3
2023 08  2023.625 :  124.2  15.2
2023 09  2023.708 :  125.1  16.1
2023 10  2023.792 :  125.0  16.9
2023 11  2023.875 :  124.8  17.6
2023 12  2023.958 :  124.9  18.3
2024 01  2024.042 :  125.5  19.2
2024 02  2024.125 :  126.0  19.9
