2022 09  2022.708 :   90.7     0
2022 10  2022.792 :   92.9     0
2022 11  2022.875 :   94.5     0
2022 12  2022.958 :  102.2   6.3
2023 01  2023.042 :  107.2   7.0
2023 02  2023.125 :  111.1   8.2
2023 03  2023.208 :  114.7   9.8
2023 04  2023.292 :  118.4  11.3
2023 05  2023.375 :  122.5  12.8
2023 06  2023.458 :  126.8  14.3
2023 07  2023.542 :  131.3  15.7
2023 08  2023.625 :  135.9  17.2
2023 09  2023.708 :  140.6  18.6
2023 10  2023.792 :  145.6  20.1
2023 11  2023.875 :  151.1  21.7
2023 12  2023.958 :  157.1  23.3
2024 01  2024.042 :  163.1  24.9
2024 02  2024.125 :  168.4  26.3
