2022 09  2022.705 :   95.1     0
2022 10  2022.790 :   97.9     0
2022 11  2022.873 :  101.3     0
2022 12  2022.958 :  108.0   6.2
2023 01  2023.042 :  112.7   6.9
2023 02  2023.122 :  110.0   8.1
2023 03  2023.204 :  113.2   9.6
2023 04  2023.286 :  115.9  10.9
2023 05  2023.371 :  118.6  12.2
2023 06  2023.453 :  121.0  13.4
2023 07  2023.538 :  123.4  14.6
2023 08  2023.623 :  126.1  15.8
2023 09  2023.705 :  128.6  16.9
2023 10  2023.790 :  130.4  17.8
2023 11  2023.873 :  132.1  18.7
2023 12  2023.958 :  134.2  19.8
2024 01  2024.042 :  136.3  20.8
2024 02  2024.124 :  137.8  21.6
