2022 09  2022.705 :  95.1   5.8
2022 10  2022.790 :  97.9  11.8
2022 11  2022.873 : 101.3  17.4
2022 12  2022.958 : 104.3  21.3
2023 01  2023.042 : 106.8  25.1
2023 02  2023.122 : 110.2  30.7
2023 03  2023.204 : 113.2  36.5
2023 04  2023.286 : 115.1  40.8
2023 05  2023.371 : 117.8  43.6
2023 06  2023.453 : 119.7  46.6
2023 07  2023.538 : 122.0  50.3
2023 08  2023.623 : 124.9  53.8
2023 09  2023.705 : 127.0  55.7
2023 10  2023.790 : 128.4  57.4
2023 11  2023.873 : 129.8  58.7
2023 12  2023.958 : 132.1  59.7
2024 01  2024.042 : 134.2  60.3
2024 02  2024.124 : 134.9  60.8
