2022 08  2022.625 :  91.0  11.1
2022 09  2022.708 :  92.3  13.9
2022 10  2022.792 :  95.7  16.7
2022 11  2022.875 :  98.7  19.4
2022 12  2022.958 : 101.4  22.2
2023 01  2023.042 : 104.0  25.0
2023 02  2023.125 : 106.7  27.8
2023 03  2023.208 : 109.6  30.6
2023 04  2023.292 : 112.6  33.3
2023 05  2023.375 : 116.0  36.1
2023 06  2023.458 : 119.6  38.9
2023 07  2023.542 : 123.2  41.7
2023 08  2023.625 : 127.0  44.4
2023 09  2023.708 : 130.9  47.2
2023 10  2023.792 : 135.0  50.0
2023 11  2023.875 : 140.0  52.8
2023 12  2023.958 : 145.7  55.6
2024 01  2024.042 : 150.9  58.3
