2022 08  2022.625 :  88.6  17.7
2022 09  2022.708 :  92.1  18.4
2022 10  2022.792 :  95.1  19.0
2022 11  2022.875 :  98.8  19.8
2022 12  2022.958 : 102.4  20.5
2023 01  2023.042 : 105.5  21.1
2023 02  2023.125 : 109.2  21.8
2023 03  2023.208 : 112.4  22.5
2023 04  2023.292 : 114.6  22.9
2023 05  2023.375 : 117.0  23.4
2023 06  2023.458 : 118.7  23.7
2023 07  2023.542 : 119.7  23.9
2023 08  2023.625 : 120.5  24.1
2023 09  2023.708 : 119.9  24.0
2023 10  2023.792 : 120.1  24.0
2023 11  2023.875 : 119.9  24.0
2023 12  2023.958 : 120.2  24.0
2024 01  2024.042 : 121.2  24.2
