2025 10  2025.792 :  114.5     0
2025 11  2025.875 :  113.5     0
2025 12  2025.958 :  110.8     0
2026 01  2026.042 :  106.7   6.3
2026 02  2026.125 :  103.7   6.9
2026 03  2026.208 :  101.4   7.6
2026 04  2026.292 :   99.8   8.6
2026 05  2026.375 :   98.2   9.5
2026 06  2026.458 :   96.4  10.2
2026 07  2026.542 :   94.6  10.8
2026 08  2026.625 :   92.6  11.4
2026 09  2026.708 :   90.6  11.8
2026 10  2026.792 :   88.4  12.2
2026 11  2026.875 :   85.9  12.4
2026 12  2026.958 :   83.4  12.6
2027 01  2027.042 :   80.8  12.7
2027 02  2027.125 :   78.2  12.9
2027 03  2027.208 :   75.6  12.9
