2025 10  2025.790 :  110.0     0
2025 11  2025.873 :  107.7     0
2025 12  2025.958 :  106.3     0
2026 01  2026.042 :  102.2   6.4
2026 02  2026.122 :   97.7   6.9
2026 03  2026.204 :   99.6   7.5
2026 04  2026.286 :   96.4   8.4
2026 05  2026.371 :   93.1   9.1
2026 06  2026.453 :   89.6   9.7
2026 07  2026.538 :   86.4  10.1
2026 08  2026.623 :   83.6  10.6
2026 09  2026.705 :   81.1  11.1
2026 10  2026.790 :   78.6  11.4
2026 11  2026.873 :   75.9  11.6
2026 12  2026.958 :   73.0  11.7
2027 01  2027.042 :   70.1  11.7
2027 02  2027.122 :   66.9  11.7
2027 03  2027.204 :   64.3  11.8
