2025 10  2025.792 :  115.7     0
2025 11  2025.875 :  113.7     0
2025 12  2025.958 :  114.1     0
2026 01  2026.042 :  108.9   6.5
2026 02  2026.125 :  106.9   7.2
2026 03  2026.208 :  105.6   8.0
2026 04  2026.292 :  104.9   9.0
2026 05  2026.375 :  103.8   9.9
2026 06  2026.458 :  102.4  10.7
2026 07  2026.542 :  100.6  11.3
2026 08  2026.625 :   98.9  11.9
2026 09  2026.708 :   97.5  12.6
2026 10  2026.792 :   96.3  13.1
2026 11  2026.875 :   93.6  13.4
2026 12  2026.958 :   90.8  13.6
2027 01  2027.042 :   87.7  13.7
2027 02  2027.125 :   84.3  13.7
2027 03  2027.208 :   81.2  13.7
