2025 10  2025.790 : 110.0   6.3
2025 11  2025.873 : 107.7  10.0
2025 12  2025.958 : 106.3  11.9
2026 01  2026.042 : 104.8  14.6
2026 02  2026.122 : 102.4  16.7
2026 03  2026.204 :  98.9  17.0
2026 04  2026.286 :  95.1  16.4
2026 05  2026.371 :  91.6  16.6
2026 06  2026.453 :  87.9  17.9
2026 07  2026.538 :  84.8  20.0
2026 08  2026.623 :  82.5  22.1
2026 09  2026.705 :  80.3  23.6
2026 10  2026.790 :  77.7  24.5
2026 11  2026.873 :  74.8  25.1
2026 12  2026.958 :  71.7  25.1
2027 01  2027.042 :  68.5  24.8
2027 02  2027.122 :  65.1  25.8
2027 03  2027.204 :  62.8  27.3
