2025 10  2025.792 : 112.1  22.4
2025 11  2025.875 : 112.6  22.5
2025 12  2025.958 : 113.6  22.7
2026 01  2026.042 : 113.8  22.8
2026 02  2026.125 : 113.8  22.8
2026 03  2026.208 : 113.4  22.7
2026 04  2026.292 : 111.9  22.4
2026 05  2026.375 : 110.3  22.1
2026 06  2026.458 : 108.2  21.6
2026 07  2026.542 : 105.8  21.2
2026 08  2026.625 : 104.1  20.8
2026 09  2026.708 : 103.0  20.6
2026 10  2026.792 : 101.7  20.3
2026 11  2026.875 :  98.6  19.7
2026 12  2026.958 :  95.4  19.1
2027 01  2027.042 :  91.6  18.3
2027 02  2027.125 :  87.7  17.5
2027 03  2027.208 :  84.6  16.9
