2025 10  2025.792 : 110.7  11.1
2025 11  2025.875 : 111.3  13.9
2025 12  2025.958 : 104.8  16.7
2026 01  2026.042 : 103.3  19.4
2026 02  2026.125 : 101.7  22.2
2026 03  2026.208 : 100.0  25.0
2026 04  2026.292 :  98.3  27.8
2026 05  2026.375 :  96.5  30.6
2026 06  2026.458 :  94.5  33.3
2026 07  2026.542 :  92.5  36.1
2026 08  2026.625 :  90.3  38.9
2026 09  2026.708 :  88.2  41.7
2026 10  2026.792 :  85.7  44.4
2026 11  2026.875 :  82.8  47.2
2026 12  2026.958 :  80.0  50.0
2027 01  2027.042 :  77.2  52.8
2027 02  2027.125 :  74.5  55.6
2027 03  2027.208 :  71.8  58.3
