2026 01  2026.042 :  107.6     0
2026 02  2026.125 :  106.4     0
2026 03  2026.208 :  103.8     0
2026 04  2026.292 :   98.4   6.2
2026 05  2026.375 :   97.1   6.7
2026 06  2026.458 :   95.7   7.4
2026 07  2026.542 :   94.2   8.4
2026 08  2026.625 :   92.8   9.3
2026 09  2026.708 :   91.7  10.2
2026 10  2026.792 :   90.8  11.0
2026 11  2026.875 :   89.6  11.6
2026 12  2026.958 :   88.3  12.1
2027 01  2027.042 :   86.7  12.5
2027 02  2027.125 :   83.4  12.7
2027 03  2027.208 :   80.3  12.8
2027 04  2027.292 :   77.6  13.1
2027 05  2027.375 :   75.3  13.3
2027 06  2027.458 :   73.3  13.5
