2026 01  2026.042 :  106.7     0
2026 02  2026.125 :  100.9     0
2026 03  2026.208 :   96.1     0
2026 04  2026.292 :   93.5   5.9
2026 05  2026.375 :   92.1   6.4
2026 06  2026.458 :   90.5   7.1
2026 07  2026.542 :   88.5   8.1
2026 08  2026.625 :   86.5   8.9
2026 09  2026.708 :   84.3   9.6
2026 10  2026.792 :   82.0  10.1
2026 11  2026.875 :   79.4  10.5
2026 12  2026.958 :   76.8  10.8
2027 01  2027.042 :   74.0  11.0
2027 02  2027.125 :   71.3  11.3
2027 03  2027.208 :   68.7  11.4
2027 04  2027.292 :   66.1  11.5
2027 05  2027.375 :   63.6  11.6
2027 06  2027.458 :   61.2  11.7
