2026 01  2026.042 :  105.0     0
2026 02  2026.122 :  102.5     0
2026 03  2026.204 :   99.0     0
2026 04  2026.286 :   92.3   6.0
2026 05  2026.371 :   90.5   6.4
2026 06  2026.453 :   89.2   7.0
2026 07  2026.538 :   85.9   7.9
2026 08  2026.623 :   83.1   8.7
2026 09  2026.705 :   80.6   9.3
2026 10  2026.790 :   78.2   9.9
2026 11  2026.873 :   75.7  10.3
2026 12  2026.958 :   72.9  10.6
2027 01  2027.042 :   69.8  10.7
2027 02  2027.122 :   66.7  10.8
2027 03  2027.204 :   64.0  11.0
2027 04  2027.286 :   61.9  11.3
2027 05  2027.371 :   60.0  11.5
2027 06  2027.453 :   58.3  11.7
