2026 01  2026.042 : 105.5  21.1
2026 02  2026.125 : 105.9  21.2
2026 03  2026.208 : 105.8  21.2
2026 04  2026.292 : 104.7  20.9
2026 05  2026.375 : 103.5  20.7
2026 06  2026.458 : 101.7  20.3
2026 07  2026.542 :  99.7  19.9
2026 08  2026.625 :  98.3  19.7
2026 09  2026.708 :  97.6  19.5
2026 10  2026.792 :  96.7  19.3
2026 11  2026.875 :  95.2  19.0
2026 12  2026.958 :  93.7  18.7
2027 01  2027.042 :  91.6  18.3
2027 02  2027.125 :  87.7  17.5
2027 03  2027.208 :  84.6  16.9
2027 04  2027.292 :  82.1  16.4
2027 05  2027.375 :  80.0  16.0
2027 06  2027.458 :  78.1  15.6
