2026 01  2026.042 : 103.2  11.1
2026 02  2026.125 :  97.2  13.9
2026 03  2026.208 :  94.4  16.7
2026 04  2026.292 :  92.7  19.4
2026 05  2026.375 :  90.8  22.2
2026 06  2026.458 :  88.7  25.0
2026 07  2026.542 :  86.7  27.8
2026 08  2026.625 :  84.5  30.6
2026 09  2026.708 :  82.2  33.3
2026 10  2026.792 :  79.7  36.1
2026 11  2026.875 :  76.8  38.9
2026 12  2026.958 :  74.0  41.7
2027 01  2027.042 :  71.1  44.4
2027 02  2027.125 :  68.4  47.2
2027 03  2027.208 :  65.8  50.0
2027 04  2027.292 :  63.3  52.8
2027 05  2027.375 :  60.7  55.6
2027 06  2027.458 :  58.4  58.3
