2024 06  2024.455 :  149.6     0
2024 07  2024.540 :  151.0     0
2024 08  2024.624 :  151.1     0
2024 09  2024.706 :  162.2   7.8
2024 10  2024.791 :  161.5   8.6
2024 11  2024.873 :  161.4   9.6
2024 12  2024.958 :  160.1  11.0
2025 01  2025.042 :  158.6  12.3
2025 02  2025.122 :  157.4  13.4
2025 03  2025.204 :  157.1  14.6
2025 04  2025.286 :  156.8  15.5
2025 05  2025.371 :  155.6  16.3
2025 06  2025.453 :  153.8  16.9
2025 07  2025.538 :  150.9  17.4
2025 08  2025.623 :  147.2  17.6
2025 09  2025.705 :  143.2  17.9
2025 10  2025.790 :  139.4  18.2
2025 11  2025.873 :  136.0  18.5
