2024 06  2024.458 :  151.4     0
2024 07  2024.542 :  161.9     0
2024 08  2024.625 :  176.9     0
2024 09  2024.708 :  172.0   8.2
2024 10  2024.792 :  168.8   8.9
2024 11  2024.875 :  165.4   9.9
2024 12  2024.958 :  162.3  11.2
2025 01  2025.042 :  159.1  12.4
2025 02  2025.125 :  156.1  13.3
2025 03  2025.208 :  153.1  14.2
2025 04  2025.292 :  150.3  15.0
2025 05  2025.375 :  147.8  15.7
2025 06  2025.458 :  145.5  16.4
2025 07  2025.542 :  143.4  17.1
2025 08  2025.625 :  141.5  17.7
2025 09  2025.708 :  139.6  18.2
2025 10  2025.792 :  137.6  18.7
2025 11  2025.875 :  135.7  19.1
