2024 06  2024.458 :  148.3     0
2024 07  2024.542 :  152.7     0
2024 08  2024.625 :  160.7     0
2024 09  2024.708 :  163.3   7.9
2024 10  2024.792 :  162.7   8.6
2024 11  2024.875 :  160.9   9.6
2024 12  2024.958 :  158.6  10.9
2025 01  2025.042 :  155.5  12.0
2025 02  2025.125 :  152.2  12.9
2025 03  2025.208 :  149.6  13.8
2025 04  2025.292 :  147.2  14.6
2025 05  2025.375 :  143.9  15.1
2025 06  2025.458 :  140.2  15.5
2025 07  2025.542 :  137.7  15.9
2025 08  2025.625 :  134.7  16.3
2025 09  2025.708 :  132.4  16.9
2025 10  2025.792 :  131.3  17.6
2025 11  2025.875 :  130.7  18.3
