2024 06  2024.458 : 155.9  11.1
2024 07  2024.542 : 165.1  13.9
2024 08  2024.625 : 174.4  16.7
2024 09  2024.708 : 171.5  19.4
2024 10  2024.792 : 168.6  22.2
2024 11  2024.875 : 165.5  25.0
2024 12  2024.958 : 162.1  27.8
2025 01  2025.042 : 158.8  30.6
2025 02  2025.125 : 155.9  33.3
2025 03  2025.208 : 152.9  36.1
2025 04  2025.292 : 150.3  38.9
2025 05  2025.375 : 148.1  41.7
2025 06  2025.458 : 146.0  44.4
2025 07  2025.542 : 144.1  47.2
2025 08  2025.625 : 142.2  50.0
2025 09  2025.708 : 140.2  52.8
2025 10  2025.792 : 138.2  55.6
2025 11  2025.875 : 136.3  58.3
