2024 06  2024.458 : 153.0  30.6
2024 07  2024.542 : 154.5  30.9
2024 08  2024.625 : 154.8  31.0
2024 09  2024.708 : 154.0  30.8
2024 10  2024.792 : 152.0  30.4
2024 11  2024.875 : 149.1  29.8
2024 12  2024.958 : 146.2  29.2
2025 01  2025.042 : 142.4  28.5
2025 02  2025.125 : 138.9  27.8
2025 03  2025.208 : 137.0  27.4
2025 04  2025.292 : 134.5  26.9
2025 05  2025.375 : 130.4  26.1
2025 06  2025.458 : 126.3  25.3
2025 07  2025.542 : 123.1  24.6
2025 08  2025.625 : 119.8  24.0
2025 09  2025.708 : 118.5  23.7
2025 10  2025.792 : 118.6  23.7
2025 11  2025.875 : 118.6  23.7
