2024 06  2024.455 : 149.6   8.0
2024 07  2024.540 : 151.0  15.3
2024 08  2024.624 : 151.1  19.2
2024 09  2024.706 : 150.8  19.1
2024 10  2024.791 : 150.3  19.7
2024 11  2024.873 : 148.9  24.0
2024 12  2024.958 : 147.0  28.9
2025 01  2025.042 : 145.4  32.0
2025 02  2025.122 : 144.6  33.5
2025 03  2025.204 : 145.0  34.9
2025 04  2025.286 : 144.5  34.6
2025 05  2025.371 : 142.4  34.4
2025 06  2025.453 : 140.1  35.8
2025 07  2025.538 : 136.5  36.7
2025 08  2025.623 : 132.3  37.0
2025 09  2025.705 : 128.6  37.3
2025 10  2025.790 : 125.4  38.1
2025 11  2025.873 : 122.5  38.2
