2022 02  2022.122 :   62.4     0
2022 03  2022.204 :   64.6     0
2022 04  2022.286 :   68.8     0
2022 05  2022.371 :   80.4   5.4
2022 06  2022.453 :   83.6   6.1
2022 07  2022.538 :   83.3   7.1
2022 08  2022.623 :   86.9   8.5
2022 09  2022.705 :   90.3   9.7
2022 10  2022.790 :   93.7  11.0
2022 11  2022.873 :   97.5  12.4
2022 12  2022.958 :  101.2  13.6
2023 01  2023.042 :  104.5  14.7
2023 02  2023.122 :  108.2  16.0
2023 03  2023.204 :  111.9  17.2
2023 04  2023.286 :  114.8  18.1
2023 05  2023.371 :  117.7  19.2
2023 06  2023.453 :  120.2  20.1
2023 07  2023.538 :  122.5  21.1
