2022 02  2022.125 :   60.6     0
2022 03  2022.208 :   66.5     0
2022 04  2022.292 :   73.2     0
2022 05  2022.375 :   79.1   5.6
2022 06  2022.458 :   86.0   6.5
2022 07  2022.542 :   93.4   7.7
2022 08  2022.625 :  101.4   9.4
2022 09  2022.708 :  109.4  11.1
2022 10  2022.792 :  117.5  12.8
2022 11  2022.875 :  126.1  14.5
2022 12  2022.958 :  135.3  16.3
2023 01  2023.042 :  145.6  18.3
2023 02  2023.125 :  157.5  20.4
2023 03  2023.208 :  171.0  22.8
2023 04  2023.292 :  185.2  25.2
2023 05  2023.375 :  198.9  27.5
2023 06  2023.458 :  211.6  29.7
2023 07  2023.542 :  223.2  31.8
