2022 02  2022.125 :   59.2     0
2022 03  2022.208 :   65.0     0
2022 04  2022.292 :   71.6     0
2022 05  2022.375 :   77.8   5.4
2022 06  2022.458 :   82.7   6.3
2022 07  2022.542 :   88.0   7.4
2022 08  2022.625 :   93.1   8.9
2022 09  2022.708 :   97.6  10.3
2022 10  2022.792 :  101.6  11.6
2022 11  2022.875 :  105.6  12.9
2022 12  2022.958 :  109.6  14.2
2023 01  2023.042 :  113.3  15.4
2023 02  2023.125 :  117.2  16.7
2023 03  2023.208 :  119.3  17.7
2023 04  2023.292 :  120.8  18.5
2023 05  2023.375 :  122.0  19.3
2023 06  2023.458 :  122.9  20.0
2023 07  2023.542 :  123.2  20.5
