2022 02  2022.122 :  62.4   4.6
2022 03  2022.204 :  64.6   7.7
2022 04  2022.286 :  68.8  12.3
2022 05  2022.371 :  73.6  16.9
2022 06  2022.453 :  77.2  19.7
2022 07  2022.538 :  80.3  22.4
2022 08  2022.623 :  83.3  26.3
2022 09  2022.705 :  86.1  30.3
2022 10  2022.790 :  89.3  35.3
2022 11  2022.873 :  93.2  40.2
2022 12  2022.958 :  96.3  43.8
2023 01  2023.042 :  99.0  48.1
2023 02  2023.122 : 102.8  53.5
2023 03  2023.204 : 106.0  58.0
2023 04  2023.286 : 108.0  60.5
2023 05  2023.371 : 110.5  61.6
2023 06  2023.453 : 112.2  62.5
2023 07  2023.538 : 114.4  63.7
