2022 02  2022.125 :  65.7  11.1
2022 03  2022.208 :  72.1  13.9
2022 04  2022.292 :  77.3  16.7
2022 05  2022.375 :  85.0  19.4
2022 06  2022.458 :  92.6  22.2
2022 07  2022.542 : 100.2  25.0
2022 08  2022.625 : 107.8  27.8
2022 09  2022.708 : 115.3  30.6
2022 10  2022.792 : 123.0  33.3
2022 11  2022.875 : 131.2  36.1
2022 12  2022.958 : 139.9  38.9
2023 01  2023.042 : 149.7  41.7
2023 02  2023.125 : 161.0  44.4
2023 03  2023.208 : 173.6  47.2
2023 04  2023.292 : 186.4  50.0
2023 05  2023.375 : 198.4  52.8
2023 06  2023.458 : 209.5  55.6
2023 07  2023.542 : 219.6  58.3
