2022 03  2022.204 :   67.1     0
2022 04  2022.286 :   71.4     0
2022 05  2022.371 :   76.1     0
2022 06  2022.453 :   81.8   5.6
2022 07  2022.538 :   84.6   6.3
2022 08  2022.623 :   85.1   7.2
2022 09  2022.705 :   88.3   8.6
2022 10  2022.790 :   91.7   9.9
2022 11  2022.873 :   95.3  11.2
2022 12  2022.958 :   98.8  12.4
2023 01  2023.042 :  102.0  13.5
2023 02  2023.122 :  105.6  14.8
2023 03  2023.204 :  109.1  15.9
2023 04  2023.286 :  111.8  16.9
2023 05  2023.371 :  114.6  17.9
2023 06  2023.453 :  116.8  18.8
2023 07  2023.538 :  119.2  19.7
2023 08  2023.623 :  121.9  20.8
