2022 03  2022.208 :   64.3     0
2022 04  2022.292 :   70.5     0
2022 05  2022.375 :   77.8     0
2022 06  2022.458 :   80.4   5.6
2022 07  2022.542 :   85.0   6.5
2022 08  2022.625 :   89.3   7.5
2022 09  2022.708 :   93.6   8.9
2022 10  2022.792 :   97.4  10.2
2022 11  2022.875 :  101.3  11.5
2022 12  2022.958 :  105.1  12.7
2023 01  2023.042 :  108.7  13.9
2023 02  2023.125 :  112.4  15.2
2023 03  2023.208 :  115.9  16.3
2023 04  2023.292 :  117.4  17.1
2023 05  2023.375 :  118.6  17.9
2023 06  2023.458 :  119.5  18.6
2023 07  2023.542 :  119.8  19.2
2023 08  2023.625 :  119.6  19.7
