2022 02  2022.125 :  63.3  12.7
2022 03  2022.208 :  68.1  13.6
2022 04  2022.292 :  73.6  14.7
2022 05  2022.375 :  78.9  15.8
2022 06  2022.458 :  84.2  16.8
2022 07  2022.542 :  89.7  17.9
2022 08  2022.625 :  94.5  18.9
2022 09  2022.708 :  98.3  19.7
2022 10  2022.792 : 101.6  20.3
2022 11  2022.875 : 105.7  21.1
2022 12  2022.958 : 109.6  21.9
2023 01  2023.042 : 113.1  22.6
2023 02  2023.125 : 117.1  23.4
2023 03  2023.208 : 119.0  23.8
2023 04  2023.292 : 119.8  24.0
2023 05  2023.375 : 120.9  24.2
2023 06  2023.458 : 121.4  24.3
2023 07  2023.542 : 121.0  24.2
