2023 02  2023.122 :  116.4     0
2023 03  2023.204 :  118.9     0
2023 04  2023.286 :  120.5     0
2023 05  2023.371 :  131.7   6.8
2023 06  2023.453 :  137.0   7.6
2023 07  2023.538 :  133.1   8.7
2023 08  2023.623 :  135.6  10.3
2023 09  2023.705 :  137.8  11.7
2023 10  2023.790 :  139.7  13.0
2023 11  2023.873 :  141.5  14.3
2023 12  2023.958 :  143.6  15.5
2024 01  2024.042 :  145.7  16.6
2024 02  2024.124 :  147.1  17.6
2024 03  2024.206 :  147.3  18.3
2024 04  2024.288 :  147.0  19.0
2024 05  2024.373 :  146.6  19.7
2024 06  2024.455 :  147.1  20.7
2024 07  2024.540 :  148.8  21.8
