2023 02  2023.125 :  113.0     0
2023 03  2023.208 :  118.9     0
2023 04  2023.292 :  121.6     0
2023 05  2023.375 :  129.4   7.0
2023 06  2023.458 :  136.1   7.9
2023 07  2023.542 :  142.5   9.2
2023 08  2023.625 :  148.3  11.1
2023 09  2023.708 :  154.1  12.8
2023 10  2023.792 :  160.1  14.6
2023 11  2023.875 :  166.7  16.3
2023 12  2023.958 :  173.4  18.0
2024 01  2024.042 :  179.8  19.6
2024 02  2024.125 :  185.3  21.1
2024 03  2024.208 :  189.7  22.4
2024 04  2024.292 :  192.5  23.4
2024 05  2024.375 :  193.5  24.1
2024 06  2024.458 :  192.7  24.6
2024 07  2024.542 :  191.0  25.0
