2023 02  2023.125 : 119.1  11.1
2023 03  2023.208 : 125.9  13.9
2023 04  2023.292 : 130.4  16.7
2023 05  2023.375 : 136.2  19.4
2023 06  2023.458 : 142.2  22.2
2023 07  2023.542 : 148.2  25.0
2023 08  2023.625 : 154.3  27.8
2023 09  2023.708 : 160.1  30.6
2023 10  2023.792 : 166.5  33.3
2023 11  2023.875 : 173.7  36.1
2023 12  2023.958 : 180.8  38.9
2024 01  2024.042 : 186.9  41.7
2024 02  2024.125 : 191.6  44.4
2024 03  2024.208 : 194.9  47.2
2024 04  2024.292 : 196.1  50.0
2024 05  2024.375 : 195.2  52.8
2024 06  2024.458 : 192.7  55.6
2024 07  2024.542 : 189.9  58.3
