2023 02  2023.122 : 116.4   6.4
2023 03  2023.204 : 118.9  12.7
2023 04  2023.286 : 120.5  18.0
2023 05  2023.371 : 122.9  22.0
2023 06  2023.453 : 124.6  26.3
2023 07  2023.538 : 126.4  31.5
2023 08  2023.623 : 128.8  36.1
2023 09  2023.705 : 130.4  39.4
2023 10  2023.790 : 131.8  42.9
2023 11  2023.873 : 133.2  45.9
2023 12  2023.958 : 135.3  48.7
2024 01  2024.042 : 137.2  50.9
2024 02  2024.124 : 137.7  52.4
2024 03  2024.206 : 136.8  55.3
2024 04  2024.288 : 135.9  57.6
2024 05  2024.373 : 135.5  57.6
2024 06  2024.455 : 136.9  59.2
2024 07  2024.540 : 139.3  59.9
