2023 12  2023.958 :  129.4     0
2024 01  2024.042 :  130.9     0
2024 02  2024.124 :  131.1     0
2024 03  2024.206 :  130.7   6.9
2024 04  2024.288 :  132.9   7.6
2024 05  2024.373 :  129.1   8.5
2024 06  2024.455 :  129.8  10.1
2024 07  2024.540 :  131.6  11.5
2024 08  2024.624 :  133.1  12.8
2024 09  2024.706 :  134.1  13.9
2024 10  2024.791 :  134.5  14.9
2024 11  2024.873 :  134.2  15.7
2024 12  2024.958 :  133.4  16.4
2025 01  2025.042 :  132.4  17.1
2025 02  2025.122 :  131.8  17.9
2025 03  2025.204 :  132.3  18.8
2025 04  2025.286 :  132.4  19.5
2025 05  2025.371 :  131.3  19.9
