2023 12  2023.958 :  125.6     0
2024 01  2024.042 :  124.5     0
2024 02  2024.125 :  123.9     0
2024 03  2024.208 :  125.2   6.9
2024 04  2024.292 :  126.0   7.5
2024 05  2024.375 :  127.7   8.5
2024 06  2024.458 :  128.8  10.0
2024 07  2024.542 :  131.1  11.6
2024 08  2024.625 :  133.4  12.9
2024 09  2024.708 :  135.0  14.1
2024 10  2024.792 :  135.6  15.0
2024 11  2024.875 :  135.3  15.8
2024 12  2024.958 :  134.6  16.5
2025 01  2025.042 :  133.8  17.2
2025 02  2025.125 :  132.8  17.8
2025 03  2025.208 :  132.6  18.6
2025 04  2025.292 :  132.4  19.3
2025 05  2025.375 :  131.4  19.8
