2023 12  2023.958 :  122.6     0
2024 01  2024.042 :  118.9     0
2024 02  2024.125 :  119.4     0
2024 03  2024.208 :  123.7   6.9
2024 04  2024.292 :  126.9   7.6
2024 05  2024.375 :  129.5   8.5
2024 06  2024.458 :  129.7  10.0
2024 07  2024.542 :  128.7  11.1
2024 08  2024.625 :  127.3  12.1
2024 09  2024.708 :  125.5  12.9
2024 10  2024.792 :  123.7  13.7
2024 11  2024.875 :  121.7  14.3
2024 12  2024.958 :  119.5  14.9
2025 01  2025.042 :  117.3  15.4
2025 02  2025.125 :  115.1  15.9
2025 03  2025.208 :  113.0  16.3
2025 04  2025.292 :  110.9  16.7
2025 05  2025.375 :  108.9  17.1
