2023 12  2023.958 : 129.4   8.1
2024 01  2024.042 : 130.9  14.8
2024 02  2024.124 : 131.1  19.4
2024 03  2024.206 : 129.8  24.2
2024 04  2024.288 : 128.9  29.0
2024 05  2024.373 : 128.9  32.2
2024 06  2024.455 : 130.5  36.9
2024 07  2024.540 : 133.2  40.7
2024 08  2024.624 : 134.2  41.2
2024 09  2024.706 : 134.8  39.6
2024 10  2024.791 : 134.7  39.3
2024 11  2024.873 : 133.8  42.8
2024 12  2024.958 : 132.6  46.9
2025 01  2025.042 : 131.4  49.4
2025 02  2025.122 : 131.1  50.2
2025 03  2025.204 : 132.4  49.5
2025 04  2025.286 : 132.2  47.5
2025 05  2025.371 : 130.1  45.6
