2023 12  2023.958 : 128.8  25.8
2024 01  2024.042 : 129.1  25.8
2024 02  2024.125 : 128.8  25.8
2024 03  2024.208 : 127.4  25.5
2024 04  2024.292 : 126.4  25.3
2024 05  2024.375 : 127.0  25.4
2024 06  2024.458 : 129.0  25.8
2024 07  2024.542 : 132.1  26.4
2024 08  2024.625 : 134.1  26.8
2024 09  2024.708 : 135.0  27.0
2024 10  2024.792 : 134.6  26.9
2024 11  2024.875 : 133.3  26.7
2024 12  2024.958 : 132.0  26.4
2025 01  2025.042 : 130.6  26.1
2025 02  2025.125 : 129.4  25.9
2025 03  2025.208 : 129.9  26.0
2025 04  2025.292 : 129.7  25.9
2025 05  2025.375 : 128.0  25.6
