2023 12  2023.958 : 122.4  11.1
2024 01  2024.042 : 120.3  13.9
2024 02  2024.125 : 123.7  16.7
2024 03  2024.208 : 126.0  19.4
2024 04  2024.292 : 127.3  22.2
2024 05  2024.375 : 127.5  25.0
2024 06  2024.458 : 126.6  27.8
2024 07  2024.542 : 124.7  30.6
2024 08  2024.625 : 122.8  33.3
2024 09  2024.708 : 120.7  36.1
2024 10  2024.792 : 118.8  38.9
2024 11  2024.875 : 116.6  41.7
2024 12  2024.958 : 114.4  44.4
2025 01  2025.042 : 112.2  47.2
2025 02  2025.125 : 110.0  50.0
2025 03  2025.208 : 107.9  52.8
2025 04  2025.292 : 106.0  55.6
2025 05  2025.375 : 104.2  58.3
