2022 11  2022.875 :   96.6     0
2022 12  2022.958 :   99.6     0
2023 01  2023.042 :  105.9     0
2023 02  2023.125 :  110.4   6.5
2023 03  2023.208 :  113.4   7.3
2023 04  2023.292 :  115.2   8.3
2023 05  2023.375 :  117.5   9.7
2023 06  2023.458 :  119.3  11.0
2023 07  2023.542 :  120.4  12.0
2023 08  2023.625 :  121.2  13.0
2023 09  2023.708 :  121.8  13.9
2023 10  2023.792 :  122.7  14.9
2023 11  2023.875 :  123.5  15.8
2023 12  2023.958 :  123.5  16.5
2024 01  2024.042 :  124.1  17.4
2024 02  2024.125 :  124.6  18.1
2024 03  2024.208 :  124.5  18.7
2024 04  2024.292 :  124.3  19.3
