2022 11  2022.875 : 100.9  20.2
2022 12  2022.958 : 103.9  20.8
2023 01  2023.042 : 106.6  21.3
2023 02  2023.125 : 109.8  22.0
2023 03  2023.208 : 112.5  22.5
2023 04  2023.292 : 114.1  22.8
2023 05  2023.375 : 116.1  23.2
2023 06  2023.458 : 117.3  23.5
2023 07  2023.542 : 117.7  23.5
2023 08  2023.625 : 118.0  23.6
2023 09  2023.708 : 118.3  23.7
2023 10  2023.792 : 119.3  23.9
2023 11  2023.875 : 119.9  24.0
2023 12  2023.958 : 120.2  24.0
2024 01  2024.042 : 121.2  24.2
2024 02  2024.125 : 121.6  24.3
2024 03  2024.208 : 121.0  24.2
2024 04  2024.292 : 120.6  24.1
