2022 11  2022.875 : 101.1  11.1
2022 12  2022.958 : 105.9  13.9
2023 01  2023.042 : 111.1  16.7
2023 02  2023.125 : 115.0  19.4
2023 03  2023.208 : 119.0  22.2
2023 04  2023.292 : 123.4  25.0
2023 05  2023.375 : 128.3  27.8
2023 06  2023.458 : 133.3  30.6
2023 07  2023.542 : 138.5  33.3
2023 08  2023.625 : 143.7  36.1
2023 09  2023.708 : 148.8  38.9
2023 10  2023.792 : 154.4  41.7
2023 11  2023.875 : 160.8  44.4
2023 12  2023.958 : 167.5  47.2
2024 01  2024.042 : 173.7  50.0
2024 02  2024.125 : 178.5  52.8
2024 03  2024.208 : 182.1  55.6
2024 04  2024.292 : 183.9  58.3
