2022 11  2022.873 : 101.8   6.9
2022 12  2022.958 : 104.7  12.0
2023 01  2023.042 : 107.1  16.3
2023 02  2023.122 : 110.3  21.8
2023 03  2023.204 : 113.1  27.6
2023 04  2023.286 : 114.9  32.0
2023 05  2023.371 : 117.5  35.1
2023 06  2023.453 : 119.3  38.5
2023 07  2023.538 : 121.6  43.1
2023 08  2023.623 : 124.4  47.3
2023 09  2023.705 : 126.5  50.0
2023 10  2023.790 : 128.0  52.3
2023 11  2023.873 : 129.4  54.2
2023 12  2023.958 : 131.6  55.5
2024 01  2024.042 : 133.7  56.4
2024 02  2024.124 : 134.4  57.2
2024 03  2024.206 : 133.5  59.6
2024 04  2024.288 : 132.5  61.4
