2025 08  2025.625 :  121.4     0
2025 09  2025.708 :  119.4     0
2025 10  2025.792 :  120.9     0
2025 11  2025.875 :  116.7   6.7
2025 12  2025.958 :  115.2   7.3
2026 01  2026.042 :  113.8   8.1
2026 02  2026.125 :  112.3   9.3
2026 03  2026.208 :  110.8  10.3
2026 04  2026.292 :  109.2  11.2
2026 05  2026.375 :  107.5  11.9
2026 06  2026.458 :  105.7  12.6
2026 07  2026.542 :  103.7  13.1
2026 08  2026.625 :  101.7  13.6
2026 09  2026.708 :   99.6  14.1
2026 10  2026.792 :   97.3  14.4
2026 11  2026.875 :   94.8  14.6
2026 12  2026.958 :   92.2  14.9
2027 01  2027.042 :   89.5  15.0
