2025 08  2025.623 :  118.1     0
2025 09  2025.705 :  114.5     0
2025 10  2025.790 :  111.6     0
2025 11  2025.873 :  111.4   6.5
2025 12  2025.958 :  111.1   7.1
2026 01  2026.042 :  111.0   7.9
2026 02  2026.122 :  108.8   9.0
2026 03  2026.204 :  105.8   9.8
2026 04  2026.286 :  102.4  10.4
2026 05  2026.371 :   98.8  11.0
2026 06  2026.453 :   95.1  11.4
2026 07  2026.538 :   91.5  11.7
2026 08  2026.623 :   88.6  12.2
2026 09  2026.705 :   85.9  12.5
2026 10  2026.790 :   83.3  12.8
2026 11  2026.873 :   80.4  12.9
2026 12  2026.958 :   77.4  13.0
2027 01  2027.042 :   74.3  13.0
