2025 08  2025.625 :  122.0     0
2025 09  2025.708 :  120.6     0
2025 10  2025.792 :  119.0     0
2025 11  2025.875 :  115.5   6.6
2025 12  2025.958 :  115.5   7.3
2026 01  2026.042 :  115.6   8.2
2026 02  2026.125 :  115.8   9.5
2026 03  2026.208 :  115.7  10.6
2026 04  2026.292 :  115.0  11.5
2026 05  2026.375 :  113.9  12.3
2026 06  2026.458 :  112.4  13.0
2026 07  2026.542 :  110.5  13.6
2026 08  2026.625 :  108.7  14.1
2026 09  2026.708 :  106.0  14.6
2026 10  2026.792 :  103.4  14.9
2026 11  2026.875 :  100.5  15.1
2026 12  2026.958 :   97.5  15.3
2027 01  2027.042 :   94.1  15.3
