2025 08  2025.625 : 117.8  11.1
2025 09  2025.708 : 116.2  13.9
2025 10  2025.792 : 118.8  16.7
2025 11  2025.875 : 117.3  19.4
2025 12  2025.958 : 116.2  22.2
2026 01  2026.042 : 114.8  25.0
2026 02  2026.125 : 113.3  27.8
2026 03  2026.208 : 111.8  30.6
2026 04  2026.292 : 110.1  33.3
2026 05  2026.375 : 108.3  36.1
2026 06  2026.458 : 106.3  38.9
2026 07  2026.542 : 104.3  41.7
2026 08  2026.625 : 102.1  44.4
2026 09  2026.708 : 100.0  47.2
2026 10  2026.792 :  97.5  50.0
2026 11  2026.875 :  94.7  52.8
2026 12  2026.958 :  92.1  55.6
2027 01  2027.042 :  89.2  58.3
