2025 08  2025.623 : 118.1   3.3
2025 09  2025.705 : 114.5   6.0
2025 10  2025.790 : 111.6  10.5
2025 11  2025.873 : 109.4  13.5
2025 12  2025.958 : 107.8  14.8
2026 01  2026.042 : 106.2  16.8
2026 02  2026.122 : 103.7  18.6
2026 03  2026.204 : 100.2  18.8
2026 04  2026.286 :  96.3  18.0
2026 05  2026.371 :  92.7  17.9
2026 06  2026.453 :  89.0  19.0
2026 07  2026.538 :  85.8  21.0
2026 08  2026.623 :  83.5  23.0
2026 09  2026.705 :  81.2  24.3
2026 10  2026.790 :  78.6  25.0
2026 11  2026.873 :  75.6  25.4
2026 12  2026.958 :  72.6  25.5
2027 01  2027.042 :  69.4  25.5
