2025 08  2025.625 : 117.7  23.5
2025 09  2025.708 : 114.4  22.9
2025 10  2025.792 : 112.7  22.5
2025 11  2025.875 : 113.4  22.7
2025 12  2025.958 : 114.6  22.9
2026 01  2026.042 : 115.0  23.0
2026 02  2026.125 : 115.2  23.0
2026 03  2026.208 : 114.9  23.0
2026 04  2026.292 : 113.7  22.7
2026 05  2026.375 : 112.3  22.5
2026 06  2026.458 : 110.4  22.1
2026 07  2026.542 : 108.2  21.6
2026 08  2026.625 : 106.6  21.3
2026 09  2026.708 : 104.3  20.9
2026 10  2026.792 : 101.7  20.3
2026 11  2026.875 :  98.6  19.7
2026 12  2026.958 :  95.4  19.1
2027 01  2027.042 :  91.6  18.3
