2022 07  2022.542 :   80.8     0
2022 08  2022.625 :   84.9     0
2022 09  2022.708 :   89.0     0
2022 10  2022.792 :   90.8   5.9
2022 11  2022.875 :   93.9   6.7
2022 12  2022.958 :   97.6   7.6
2023 01  2023.042 :  101.0   9.1
2023 02  2023.125 :  104.5  10.5
2023 03  2023.208 :  107.9  11.8
2023 04  2023.292 :  110.6  12.9
2023 05  2023.375 :  113.3  14.1
2023 06  2023.458 :  115.5  15.1
2023 07  2023.542 :  117.1  16.0
2023 08  2023.625 :  116.9  16.7
2023 09  2023.708 :  116.6  17.3
2023 10  2023.792 :  116.5  18.0
2023 11  2023.875 :  116.4  18.6
2023 12  2023.958 :  116.5  19.3
