2022 07  2022.538 :   84.1     0
2022 08  2022.623 :   87.4     0
2022 09  2022.705 :   90.1     0
2022 10  2022.790 :   92.7   5.9
2022 11  2022.873 :   95.9   6.6
2022 12  2022.958 :   95.8   7.5
2023 01  2023.042 :   98.6   8.9
2023 02  2023.122 :  101.8  10.3
2023 03  2023.204 :  105.0  11.6
2023 04  2023.286 :  107.7  12.7
2023 05  2023.371 :  110.4  13.9
2023 06  2023.453 :  112.6  14.9
2023 07  2023.538 :  114.7  15.9
2023 08  2023.623 :  117.1  17.0
2023 09  2023.705 :  119.3  18.0
2023 10  2023.790 :  121.1  18.9
2023 11  2023.873 :  122.7  19.8
2023 12  2023.958 :  124.7  20.8
