2022 07  2022.538 :  84.1   7.9
2022 08  2022.623 :  87.4  15.3
2022 09  2022.705 :  90.1  19.2
2022 10  2022.790 :  93.0  23.6
2022 11  2022.873 :  96.6  28.2
2022 12  2022.958 :  99.4  31.2
2023 01  2023.042 : 101.9  34.7
2023 02  2023.122 : 105.4  40.1
2023 03  2023.204 : 108.6  45.5
2023 04  2023.286 : 110.7  49.5
2023 05  2023.371 : 113.4  51.6
2023 06  2023.453 : 115.2  53.4
2023 07  2023.538 : 117.3  55.3
2023 08  2023.623 : 120.0  56.9
2023 09  2023.705 : 122.1  57.6
2023 10  2023.790 : 123.5  58.7
2023 11  2023.873 : 124.9  59.6
2023 12  2023.958 : 127.3  60.4
