2022 07  2022.542 :  84.2  16.8
2022 08  2022.625 :  88.7  17.7
2022 09  2022.708 :  92.3  18.5
2022 10  2022.792 :  95.4  19.1
2022 11  2022.875 :  99.3  19.9
2022 12  2022.958 : 102.9  20.6
2023 01  2023.042 : 106.2  21.2
2023 02  2023.125 : 110.0  22.0
2023 03  2023.208 : 113.3  22.7
2023 04  2023.292 : 115.5  23.1
2023 05  2023.375 : 118.1  23.6
2023 06  2023.458 : 119.9  24.0
2023 07  2023.542 : 121.0  24.2
2023 08  2023.625 : 120.5  24.1
2023 09  2023.708 : 119.9  24.0
2023 10  2023.792 : 120.1  24.0
2023 11  2023.875 : 119.9  24.0
2023 12  2023.958 : 120.2  24.0
