2025 01  2025.042 :  149.5     0
2025 02  2025.122 :  148.6     0
2025 03  2025.204 :  148.6     0
2025 04  2025.286 :  133.0   7.4
2025 05  2025.371 :  126.7   8.1
2025 06  2025.453 :  130.9   8.8
2025 07  2025.538 :  128.5   9.9
2025 08  2025.623 :  125.4  10.8
2025 09  2025.705 :  122.2  11.5
2025 10  2025.790 :  119.1  12.2
2025 11  2025.873 :  116.1  12.8
2025 12  2025.958 :  113.5  13.3
2026 01  2026.042 :  110.8  13.8
2026 02  2026.122 :  107.8  14.1
2026 03  2026.204 :  104.4  14.3
2026 04  2026.286 :  100.7  14.4
2026 05  2026.371 :   97.1  14.5
2026 06  2026.453 :   93.3  14.5
