2025 01  2025.042 :  150.0     0
2025 02  2025.125 :  144.7     0
2025 03  2025.208 :  139.4     0
2025 04  2025.292 :  132.1   7.0
2025 05  2025.375 :  127.5   7.7
2025 06  2025.458 :  124.7   8.4
2025 07  2025.542 :  123.1   9.6
2025 08  2025.625 :  121.5  10.7
2025 09  2025.708 :  119.9  11.5
2025 10  2025.792 :  118.3  12.3
2025 11  2025.875 :  116.7  13.0
2025 12  2025.958 :  114.8  13.6
2026 01  2026.042 :  113.0  14.2
2026 02  2026.125 :  111.1  14.6
2026 03  2026.208 :  109.2  15.1
2026 04  2026.292 :  107.1  15.4
2026 05  2026.375 :  104.9  15.7
2026 06  2026.458 :  102.5  15.9
