2025 01  2025.042 : 150.0  30.0
2025 02  2025.125 : 147.4  29.5
2025 03  2025.208 : 146.5  29.3
2025 04  2025.292 : 144.9  29.0
2025 05  2025.375 : 141.7  28.3
2025 06  2025.458 : 138.6  27.7
2025 07  2025.542 : 133.9  26.8
2025 08  2025.625 : 129.1  25.8
2025 09  2025.708 : 126.4  25.3
2025 10  2025.792 : 125.1  25.0
2025 11  2025.875 : 123.7  24.7
2025 12  2025.958 : 122.0  24.4
2026 01  2026.042 : 120.3  24.1
2026 02  2026.125 : 119.7  23.9
2026 03  2026.208 : 118.3  23.7
2026 04  2026.292 : 116.3  23.3
2026 05  2026.375 : 113.5  22.7
2026 06  2026.458 : 110.0  22.0
