2025 01  2025.042 : 142.7  11.1
2025 02  2025.125 : 136.9  13.9
2025 03  2025.208 : 130.2  16.7
2025 04  2025.292 : 127.9  19.4
2025 05  2025.375 : 125.9  22.2
2025 06  2025.458 : 124.3  25.0
2025 07  2025.542 : 123.0  27.8
2025 08  2025.625 : 121.5  30.6
2025 09  2025.708 : 119.9  33.3
2025 10  2025.792 : 118.3  36.1
2025 11  2025.875 : 116.6  38.9
2025 12  2025.958 : 114.6  41.7
2026 01  2026.042 : 112.6  44.4
2026 02  2026.125 : 110.6  47.2
2026 03  2026.208 : 108.5  50.0
2026 04  2026.292 : 106.2  52.8
2026 05  2026.375 : 103.7  55.6
2026 06  2026.458 : 101.1  58.3
