2025 01  2025.042 : 149.5   6.4
2025 02  2025.122 : 148.6  10.8
2025 03  2025.204 : 148.6  14.9
2025 04  2025.286 : 147.9  18.9
2025 05  2025.371 : 145.9  23.5
2025 06  2025.453 : 143.6  27.5
2025 07  2025.538 : 140.1  29.3
2025 08  2025.623 : 135.8  29.8
2025 09  2025.705 : 132.1  29.8
2025 10  2025.790 : 128.7  31.2
2025 11  2025.873 : 125.6  31.9
2025 12  2025.958 : 123.1  30.5
2026 01  2026.042 : 120.1  28.7
2026 02  2026.122 : 116.5  27.5
2026 03  2026.204 : 112.2  25.9
2026 04  2026.286 : 107.8  24.9
2026 05  2026.371 : 103.8  24.2
2026 06  2026.453 :  99.4  24.2
