2021 11  2021.875 :   46.9     0
2021 12  2021.958 :   53.2     0
2022 01  2022.042 :   59.8     0
2022 02  2022.125 :   64.7   4.9
2022 03  2022.208 :   70.1   5.7
2022 04  2022.292 :   75.5   6.7
2022 05  2022.375 :   80.7   8.2
2022 06  2022.458 :   85.8   9.7
2022 07  2022.542 :   91.1  11.2
2022 08  2022.625 :   96.1  12.6
2022 09  2022.708 :  100.2  13.8
2022 10  2022.792 :  103.6  15.0
2022 11  2022.875 :  107.3  16.3
2022 12  2022.958 :  109.5  17.3
2023 01  2023.042 :  111.5  18.2
2023 02  2023.125 :  113.5  19.2
2023 03  2023.208 :  115.6  20.1
2023 04  2023.292 :  117.0  20.8
