2021 11  2021.875 :  50.0  10.0
2021 12  2021.958 :  56.6  11.3
2022 01  2022.042 :  63.0  12.6
2022 02  2022.125 :  68.5  13.7
2022 03  2022.208 :  73.3  14.7
2022 04  2022.292 :  78.7  15.7
2022 05  2022.375 :  84.0  16.8
2022 06  2022.458 :  89.3  17.9
2022 07  2022.542 :  94.7  18.9
2022 08  2022.625 :  99.5  19.9
2022 09  2022.708 : 103.3  20.7
2022 10  2022.792 : 106.6  21.3
2022 11  2022.875 : 110.7  22.1
2022 12  2022.958 : 112.9  22.6
2023 01  2023.042 : 114.7  22.9
2023 02  2023.125 : 117.1  23.4
2023 03  2023.208 : 119.0  23.8
2023 04  2023.292 : 119.8  24.0
