2021 11  2021.875 :  49.4  11.1
2021 12  2021.958 :  54.5  13.9
2022 01  2022.042 :  59.2  16.7
2022 02  2022.125 :  67.4  19.4
2022 03  2022.208 :  76.2  22.2
2022 04  2022.292 :  85.2  25.0
2022 05  2022.375 :  94.5  27.8
2022 06  2022.458 : 103.7  30.6
2022 07  2022.542 : 112.9  33.3
2022 08  2022.625 : 122.2  36.1
2022 09  2022.708 : 131.9  38.9
2022 10  2022.792 : 142.5  41.7
2022 11  2022.875 : 154.1  44.4
2022 12  2022.958 : 167.6  47.2
2023 01  2023.042 : 183.7  50.0
2023 02  2023.125 : 201.5  52.8
2023 03  2023.208 : 218.9  55.6
2023 04  2023.292 : 234.6  58.3
