2021 11  2021.873 :  48.1   5.1
2021 12  2021.958 :  51.0   8.8
2022 01  2022.042 :  54.2  13.4
2022 02  2022.122 :  56.5  17.9
2022 03  2022.204 :  58.4  20.4
2022 04  2022.286 :  62.6  23.4
2022 05  2022.371 :  67.5  26.9
2022 06  2022.453 :  71.1  29.4
2022 07  2022.538 :  74.0  31.7
2022 08  2022.623 :  76.7  35.2
2022 09  2022.705 :  79.3  39.3
2022 10  2022.790 :  82.5  43.8
2022 11  2022.873 :  86.4  47.8
2022 12  2022.958 :  89.4  50.9
2023 01  2023.042 :  91.9  54.6
2023 02  2023.122 :  95.5  59.5
2023 03  2023.204 :  99.0  64.1
2023 04  2023.286 : 101.1  66.6
