2021 12  2021.958 :   53.5     0
2022 01  2022.042 :   56.8     0
2022 02  2022.122 :   59.2     0
2022 03  2022.204 :   69.7   4.8
2022 04  2022.286 :   76.1   5.6
2022 05  2022.371 :   75.6   6.6
2022 06  2022.453 :   80.3   8.1
2022 07  2022.538 :   84.6   9.4
2022 08  2022.623 :   88.1  10.7
2022 09  2022.705 :   91.3  11.9
2022 10  2022.790 :   94.8  13.2
2022 11  2022.873 :   98.8  14.6
2022 12  2022.958 :  102.7  15.8
2023 01  2023.042 :  106.1  16.9
2023 02  2023.122 :  109.9  18.2
2023 03  2023.204 :  113.7  19.5
2023 04  2023.286 :  117.0  20.5
2023 05  2023.371 :  120.0  21.6
