2021 12  2021.958 :  55.3  11.1
2022 01  2022.042 :  61.7  12.3
2022 02  2022.125 :  67.1  13.4
2022 03  2022.208 :  71.9  14.4
2022 04  2022.292 :  77.4  15.5
2022 05  2022.375 :  82.6  16.5
2022 06  2022.458 :  87.9  17.6
2022 07  2022.542 :  93.3  18.7
2022 08  2022.625 :  98.0  19.6
2022 09  2022.708 : 101.8  20.4
2022 10  2022.792 : 105.0  21.0
2022 11  2022.875 : 109.1  21.8
2022 12  2022.958 : 112.9  22.6
2023 01  2023.042 : 114.7  22.9
2023 02  2023.125 : 117.1  23.4
2023 03  2023.208 : 119.0  23.8
2023 04  2023.292 : 119.8  24.0
2023 05  2023.375 : 120.9  24.2
