2022 03  2022.208 :   65.4     0
2022 04  2022.292 :   72.2     0
2022 05  2022.375 :   79.5     0
2022 06  2022.458 :   81.7   5.7
2022 07  2022.542 :   87.8   6.6
2022 08  2022.625 :   93.9   7.8
2022 09  2022.708 :  101.0   9.3
2022 10  2022.792 :  108.0  10.9
2022 11  2022.875 :  115.2  12.5
2022 12  2022.958 :  122.9  14.1
2023 01  2023.042 :  131.1  15.8
2023 02  2023.125 :  140.3  17.6
2023 03  2023.208 :  150.7  19.5
2023 04  2023.292 :  162.4  21.6
2023 05  2023.375 :  174.3  23.6
2023 06  2023.458 :  185.8  25.7
2023 07  2023.542 :  196.5  27.6
2023 08  2023.625 :  206.3  29.5
