2022 03  2022.208 :  69.6  11.1
2022 04  2022.292 :  76.1  13.9
2022 05  2022.375 :  81.5  16.7
2022 06  2022.458 :  88.4  19.4
2022 07  2022.542 :  95.4  22.2
2022 08  2022.625 : 102.2  25.0
2022 09  2022.708 : 108.8  27.8
2022 10  2022.792 : 115.4  30.6
2022 11  2022.875 : 122.3  33.3
2022 12  2022.958 : 129.6  36.1
2023 01  2023.042 : 137.4  38.9
2023 02  2023.125 : 146.0  41.7
2023 03  2023.208 : 155.8  44.4
2023 04  2023.292 : 166.5  47.2
2023 05  2023.375 : 177.0  50.0
2023 06  2023.458 : 187.0  52.8
2023 07  2023.542 : 196.3  55.6
2023 08  2023.625 : 205.1  58.3
