2022 03  2022.208 :  68.6  13.7
2022 04  2022.292 :  73.9  14.8
2022 05  2022.375 :  79.0  15.8
2022 06  2022.458 :  84.2  16.8
2022 07  2022.542 :  89.5  17.9
2022 08  2022.625 :  94.1  18.8
2022 09  2022.708 :  97.7  19.5
2022 10  2022.792 : 100.9  20.2
2022 11  2022.875 : 104.8  21.0
2022 12  2022.958 : 108.5  21.7
2023 01  2023.042 : 111.8  22.4
2023 02  2023.125 : 115.7  23.1
2023 03  2023.208 : 119.0  23.8
2023 04  2023.292 : 119.8  24.0
2023 05  2023.375 : 120.9  24.2
2023 06  2023.458 : 121.4  24.3
2023 07  2023.542 : 121.0  24.2
2023 08  2023.625 : 120.5  24.1
