2022 03  2022.204 :  67.1   4.2
2022 04  2022.286 :  71.4  10.0
2022 05  2022.371 :  76.1  15.0
2022 06  2022.453 :  79.8  18.0
2022 07  2022.538 :  82.9  21.0
2022 08  2022.623 :  86.1  25.1
2022 09  2022.705 :  88.9  28.9
2022 10  2022.790 :  92.1  33.7
2022 11  2022.873 :  95.9  38.6
2022 12  2022.958 :  99.0  42.2
2023 01  2023.042 : 101.8  46.7
2023 02  2023.122 : 105.7  52.3
2023 03  2023.204 : 108.9  56.6
2023 04  2023.286 : 110.7  59.0
2023 05  2023.371 : 113.2  60.0
2023 06  2023.453 : 114.8  60.9
2023 07  2023.538 : 117.0  62.2
2023 08  2023.623 : 120.0  63.7
