2021 06  2021.453 :   28.5     0
2021 07  2021.538 :   31.4     0
2021 08  2021.623 :   34.5     0
2021 09  2021.705 :   37.1   3.6
2021 10  2021.790 :   40.0   4.3
2021 11  2021.873 :   42.5   5.1
2021 12  2021.958 :   45.4   6.2
2022 01  2022.042 :   49.3   7.4
2022 02  2022.122 :   52.2   8.5
2022 03  2022.204 :   54.5   9.5
2022 04  2022.286 :   59.0  10.8
2022 05  2022.371 :   64.2  12.3
2022 06  2022.453 :   67.6  13.5
2022 07  2022.538 :   69.8  14.4
2022 08  2022.623 :   71.8  15.3
2022 09  2022.705 :   74.2  16.3
2022 10  2022.790 :   77.7  17.5
2022 11  2022.873 :   81.7  18.8
