2021 06  2021.458 :   26.4     0
2021 07  2021.542 :   30.9     0
2021 08  2021.625 :   31.7     0
2021 09  2021.708 :   36.6   3.6
2021 10  2021.792 :   38.6   4.2
2021 11  2021.875 :   40.5   4.9
2021 12  2021.958 :   43.0   6.0
2022 01  2022.042 :   45.4   7.0
2022 02  2022.125 :   47.3   7.9
2022 03  2022.208 :   50.3   9.0
2022 04  2022.292 :   53.7  10.1
2022 05  2022.375 :   57.6  11.4
2022 06  2022.458 :   61.3  12.6
2022 07  2022.542 :   64.4  13.7
2022 08  2022.625 :   67.1  14.8
2022 09  2022.708 :   68.3  15.5
2022 10  2022.792 :   68.4  15.9
2022 11  2022.875 :   68.1  16.3
