2021 06  2021.458 :  26.5  11.1
2021 07  2021.542 :  30.4  13.9
2021 08  2021.625 :  33.3  16.7
2021 09  2021.708 :  35.5  19.4
2021 10  2021.792 :  37.9  22.2
2021 11  2021.875 :  40.2  25.0
2021 12  2021.958 :  42.7  27.8
2022 01  2022.042 :  45.1  30.6
2022 02  2022.125 :  47.0  33.3
2022 03  2022.208 :  50.0  36.1
2022 04  2022.292 :  53.4  38.9
2022 05  2022.375 :  57.2  41.7
2022 06  2022.458 :  60.9  44.4
2022 07  2022.542 :  64.0  47.2
2022 08  2022.625 :  66.7  50.0
2022 09  2022.708 :  67.9  52.8
2022 10  2022.792 :  68.0  55.6
2022 11  2022.875 :  67.7  58.3
