2023 01  2023.042 :  108.9     0
2023 02  2023.122 :  112.0     0
2023 03  2023.204 :  114.6     0
2023 04  2023.286 :  123.0   6.7
2023 05  2023.371 :  128.6   7.4
2023 06  2023.453 :  125.8   8.4
2023 07  2023.538 :  128.1  10.0
2023 08  2023.623 :  130.7  11.5
2023 09  2023.705 :  133.0  12.8
2023 10  2023.790 :  135.0  14.0
2023 11  2023.873 :  136.9  15.1
2023 12  2023.958 :  139.0  16.3
2024 01  2024.042 :  141.2  17.5
2024 02  2024.124 :  142.6  18.4
2024 03  2024.206 :  142.9  19.0
2024 04  2024.288 :  142.5  19.7
2024 05  2024.373 :  142.1  20.3
2024 06  2024.455 :  142.7  21.3
