2023 01  2023.042 : 111.5  11.1
2023 02  2023.125 : 116.8  13.9
2023 03  2023.208 : 124.9  16.7
2023 04  2023.292 : 130.4  19.4
2023 05  2023.375 : 136.2  22.2
2023 06  2023.458 : 142.1  25.0
2023 07  2023.542 : 148.2  27.8
2023 08  2023.625 : 154.2  30.6
2023 09  2023.708 : 160.1  33.3
2023 10  2023.792 : 166.5  36.1
2023 11  2023.875 : 173.7  38.9
2023 12  2023.958 : 180.7  41.7
2024 01  2024.042 : 186.8  44.4
2024 02  2024.125 : 191.5  47.2
2024 03  2024.208 : 194.8  50.0
2024 04  2024.292 : 196.0  52.8
2024 05  2024.375 : 195.1  55.6
2024 06  2024.458 : 192.6  58.3
