2023 03  2023.208 :  118.2     0
2023 04  2023.292 :  122.7     0
2023 05  2023.375 :  125.4     0
2023 06  2023.458 :  133.7   7.1
2023 07  2023.542 :  139.3   8.1
2023 08  2023.625 :  144.0   9.4
2023 09  2023.708 :  149.7  11.1
2023 10  2023.792 :  155.5  12.8
2023 11  2023.875 :  161.8  14.6
2023 12  2023.958 :  168.4  16.2
2024 01  2024.042 :  174.8  17.8
2024 02  2024.125 :  180.3  19.3
2024 03  2024.208 :  184.8  20.5
2024 04  2024.292 :  187.7  21.6
2024 05  2024.375 :  188.8  22.4
2024 06  2024.458 :  188.2  22.9
2024 07  2024.542 :  186.5  23.4
2024 08  2024.625 :  184.2  23.7
