2023 03  2023.208 :  114.8     0
2023 04  2023.292 :  115.3     0
2023 05  2023.375 :  117.9     0
2023 06  2023.458 :  128.4   6.9
2023 07  2023.542 :  130.7   7.6
2023 08  2023.625 :  130.9   8.6
2023 09  2023.708 :  130.7  10.0
2023 10  2023.792 :  130.8  11.2
2023 11  2023.875 :  130.9  12.3
2023 12  2023.958 :  131.2  13.4
2024 01  2024.042 :  132.0  14.4
2024 02  2024.125 :  132.8  15.4
2024 03  2024.208 :  133.0  16.1
2024 04  2024.292 :  132.7  16.9
2024 05  2024.375 :  133.3  17.8
2024 06  2024.458 :  135.1  19.0
2024 07  2024.542 :  138.1  20.2
2024 08  2024.625 :  141.1  21.3
