2023 03  2023.204 :  120.4     0
2023 04  2023.286 :  121.9     0
2023 05  2023.371 :  124.2     0
2023 06  2023.453 :  133.8   6.9
2023 07  2023.538 :  135.9   7.8
2023 08  2023.623 :  134.8   8.9
2023 09  2023.705 :  136.9  10.4
2023 10  2023.790 :  138.7  11.8
2023 11  2023.873 :  140.4  13.0
2023 12  2023.958 :  142.4  14.3
2024 01  2024.042 :  144.4  15.5
2024 02  2024.124 :  145.7  16.4
2024 03  2024.206 :  145.9  17.2
2024 04  2024.288 :  145.6  17.9
2024 05  2024.373 :  145.2  18.6
2024 06  2024.455 :  145.8  19.6
2024 07  2024.540 :  147.3  20.6
2024 08  2024.624 :  148.4  21.4
