2023 03  2023.204 : 120.4   7.0
2023 04  2023.286 : 121.9  13.4
2023 05  2023.371 : 124.2  18.2
2023 06  2023.453 : 125.9  22.8
2023 07  2023.538 : 127.7  28.3
2023 08  2023.623 : 129.9  33.3
2023 09  2023.705 : 131.5  37.0
2023 10  2023.790 : 132.8  41.0
2023 11  2023.873 : 134.2  44.3
2023 12  2023.958 : 136.3  47.4
2024 01  2024.042 : 138.2  49.9
2024 02  2024.124 : 138.6  51.7
2024 03  2024.206 : 137.7  54.8
2024 04  2024.288 : 136.9  57.3
2024 05  2024.373 : 136.5  57.5
2024 06  2024.455 : 138.0  59.2
2024 07  2024.540 : 140.3  60.0
2024 08  2024.624 : 140.9  58.2
