2021 04  2021.292 :   25.1     0
2021 05  2021.375 :   28.4     0
2021 06  2021.458 :   31.1     0
2021 07  2021.542 :   33.6   3.5
2021 08  2021.625 :   37.8   4.2
2021 09  2021.708 :   43.7   5.1
2021 10  2021.792 :   49.3   6.5
2021 11  2021.875 :   55.0   8.0
2021 12  2021.958 :   60.4   9.4
2022 01  2022.042 :   65.6  10.8
2022 02  2022.125 :   70.0  12.2
2022 03  2022.208 :   73.8  13.4
2022 04  2022.292 :   78.3  14.7
2022 05  2022.375 :   81.4  15.8
2022 06  2022.458 :   84.6  17.0
2022 07  2022.542 :   87.9  18.1
2022 08  2022.625 :   90.6  19.2
2022 09  2022.708 :   92.5  20.0
