2021 04  2021.292 :   23.1     0
2021 05  2021.375 :   22.9     0
2021 06  2021.458 :   26.5     0
2021 07  2021.542 :   30.8   3.2
2021 08  2021.625 :   33.5   3.8
2021 09  2021.708 :   37.0   4.4
2021 10  2021.792 :   39.5   5.4
2021 11  2021.875 :   41.9   6.4
2021 12  2021.958 :   44.6   7.5
2022 01  2022.042 :   47.1   8.5
2022 02  2022.125 :   48.8   9.3
2022 03  2022.208 :   52.3  10.5
2022 04  2022.292 :   56.1  11.8
2022 05  2022.375 :   60.8  13.2
2022 06  2022.458 :   65.3  14.6
2022 07  2022.542 :   69.1  15.9
2022 08  2022.625 :   72.3  17.1
2022 09  2022.708 :   73.5  17.8
