2021 04  2021.292 :  25.2   5.0
2021 05  2021.375 :  29.7   5.9
2021 06  2021.458 :  34.0   6.8
2021 07  2021.542 :  38.7   7.7
2021 08  2021.625 :  44.2   8.8
2021 09  2021.708 :  50.4  10.1
2021 10  2021.792 :  56.8  11.4
2021 11  2021.875 :  63.4  12.7
2021 12  2021.958 :  69.6  13.9
2022 01  2022.042 :  75.6  15.1
2022 02  2022.125 :  80.7  16.1
2022 03  2022.208 :  85.1  17.0
2022 04  2022.292 :  90.2  18.0
2022 05  2022.375 :  93.8  18.8
2022 06  2022.458 :  97.5  19.5
2022 07  2022.542 : 101.3  20.3
2022 08  2022.625 : 104.4  20.9
2022 09  2022.708 : 106.6  21.3
