2021 04  2021.292 :  23.0  11.1
2021 05  2021.375 :  23.0  13.9
2021 06  2021.458 :  27.0  16.7
2021 07  2021.542 :  29.0  19.4
2021 08  2021.625 :  31.2  22.2
2021 09  2021.708 :  33.4  25.0
2021 10  2021.792 :  35.7  27.8
2021 11  2021.875 :  37.8  30.6
2021 12  2021.958 :  40.3  33.3
2022 01  2022.042 :  42.5  36.1
2022 02  2022.125 :  44.1  38.9
2022 03  2022.208 :  47.2  41.7
2022 04  2022.292 :  50.7  44.4
2022 05  2022.375 :  54.9  47.2
2022 06  2022.458 :  59.0  50.0
2022 07  2022.542 :  62.4  52.8
2022 08  2022.625 :  65.3  55.6
2022 09  2022.708 :  66.4  58.3
