2025 04  2025.292 :  136.0     0
2025 05  2025.375 :  128.2     0
2025 06  2025.458 :  120.8     0
2025 07  2025.542 :  121.7   6.7
2025 08  2025.625 :  120.5   7.2
2025 09  2025.708 :  119.0   8.1
2025 10  2025.792 :  117.0   9.3
2025 11  2025.875 :  115.3  10.4
2025 12  2025.958 :  113.8  11.3
2026 01  2026.042 :  112.4  12.1
2026 02  2026.125 :  110.8  12.8
2026 03  2026.208 :  109.2  13.5
2026 04  2026.292 :  107.4  14.1
2026 05  2026.375 :  105.6  14.6
2026 06  2026.458 :  103.7  15.0
2026 07  2026.542 :  101.6  15.4
2026 08  2026.625 :   99.5  15.7
2026 09  2026.708 :   97.3  15.9
