2025 04  2025.286 :  135.8     0
2025 05  2025.371 :  134.2     0
2025 06  2025.453 :  132.1     0
2025 07  2025.538 :  125.4   6.9
2025 08  2025.623 :  122.9   7.4
2025 09  2025.705 :  122.0   8.2
2025 10  2025.790 :  118.9   9.3
2025 11  2025.873 :  116.2  10.3
2025 12  2025.958 :  113.9  11.2
2026 01  2026.042 :  111.6  12.0
2026 02  2026.122 :  108.9  12.6
2026 03  2026.204 :  105.7  12.9
2026 04  2026.286 :  101.9  13.2
2026 05  2026.371 :   98.2  13.4
2026 06  2026.453 :   94.4  13.6
2026 07  2026.538 :   90.7  13.7
2026 08  2026.623 :   87.8  14.0
2026 09  2026.705 :   85.2  14.2
