2025 04  2025.292 :  137.8     0
2025 05  2025.375 :  132.0     0
2025 06  2025.458 :  127.4     0
2025 07  2025.542 :  126.4   6.9
2025 08  2025.625 :  125.0   7.5
2025 09  2025.708 :  122.6   8.2
2025 10  2025.792 :  120.0   9.5
2025 11  2025.875 :  118.7  10.7
2025 12  2025.958 :  118.5  11.9
2026 01  2026.042 :  118.5  12.9
2026 02  2026.125 :  118.3  13.8
2026 03  2026.208 :  117.7  14.5
2026 04  2026.292 :  116.5  15.2
2026 05  2026.375 :  114.2  15.6
2026 06  2026.458 :  111.4  15.8
2026 07  2026.542 :  108.2  16.0
2026 08  2026.625 :  105.2  16.2
2026 09  2026.708 :  102.6  16.5
