2025 04  2025.286 : 135.8   7.2
2025 05  2025.371 : 134.2  13.7
2025 06  2025.453 : 132.1  18.2
2025 07  2025.538 : 128.6  20.6
2025 08  2025.623 : 124.3  21.5
2025 09  2025.705 : 120.7  22.0
2025 10  2025.790 : 117.7  24.2
2025 11  2025.873 : 115.3  25.7
2025 12  2025.958 : 113.4  25.8
2026 01  2026.042 : 111.3  25.7
2026 02  2026.122 : 108.4  25.4
2026 03  2026.204 : 104.6  24.4
2026 04  2026.286 : 100.4  23.2
2026 05  2026.371 :  96.6  22.0
2026 06  2026.453 :  92.6  22.0
2026 07  2026.538 :  89.1  23.4
2026 08  2026.623 :  86.7  25.4
2026 09  2026.705 :  84.5  26.7
