2025 04  2025.292 : 132.4  26.5
2025 05  2025.375 : 130.0  26.0
2025 06  2025.458 : 128.9  25.8
2025 07  2025.542 : 128.5  25.7
2025 08  2025.625 : 125.8  25.2
2025 09  2025.708 : 122.3  24.5
2025 10  2025.792 : 120.3  24.1
2025 11  2025.875 : 120.7  24.1
2025 12  2025.958 : 121.6  24.3
2026 01  2026.042 : 121.8  24.4
2026 02  2026.125 : 121.7  24.3
2026 03  2026.208 : 121.1  24.2
2026 04  2026.292 : 119.5  23.9
2026 05  2026.375 : 116.7  23.3
2026 06  2026.458 : 113.3  22.7
2026 07  2026.542 : 109.6  21.9
2026 08  2026.625 : 106.6  21.3
2026 09  2026.708 : 104.2  20.8
