2025 04  2025.292 : 131.9  11.1
2025 05  2025.375 : 127.3  13.9
2025 06  2025.458 : 121.2  16.7
2025 07  2025.542 : 118.8  19.4
2025 08  2025.625 : 116.4  22.2
2025 09  2025.708 : 114.3  25.0
2025 10  2025.792 : 112.4  27.8
2025 11  2025.875 : 110.9  30.6
2025 12  2025.958 : 109.7  33.3
2026 01  2026.042 : 108.2  36.1
2026 02  2026.125 : 106.6  38.9
2026 03  2026.208 : 105.0  41.7
2026 04  2026.292 : 103.3  44.4
2026 05  2026.375 : 101.5  47.2
2026 06  2026.458 :  99.5  50.0
2026 07  2026.542 :  97.5  52.8
2026 08  2026.625 :  95.3  55.6
2026 09  2026.708 :  93.2  58.3
