2023 10  2023.792 :  123.2     0
2023 11  2023.875 :  121.2     0
2023 12  2023.958 :  119.5     0
2024 01  2024.042 :  118.8   6.8
2024 02  2024.125 :  118.8   7.4
2024 03  2024.208 :  118.0   8.3
2024 04  2024.292 :  117.6   9.6
2024 05  2024.375 :  117.8  10.8
2024 06  2024.458 :  119.0  12.0
2024 07  2024.542 :  121.4  13.3
2024 08  2024.625 :  123.7  14.5
2024 09  2024.708 :  125.5  15.5
2024 10  2024.792 :  126.4  16.3
2024 11  2024.875 :  126.7  17.0
2024 12  2024.958 :  126.6  17.6
2025 01  2025.042 :  125.9  18.1
2025 02  2025.125 :  125.0  18.6
2025 03  2025.208 :  124.8  19.3
