2023 10  2023.792 :  124.9     0
2023 11  2023.875 :  120.1     0
2023 12  2023.958 :  114.7     0
2024 01  2024.042 :  116.6   6.6
2024 02  2024.125 :  119.4   7.4
2024 03  2024.208 :  121.6   8.4
2024 04  2024.292 :  123.8   9.8
2024 05  2024.375 :  125.1  11.0
2024 06  2024.458 :  125.4  11.9
2024 07  2024.542 :  124.7  12.7
2024 08  2024.625 :  123.4  13.4
2024 09  2024.708 :  121.7  14.0
2024 10  2024.792 :  119.9  14.6
2024 11  2024.875 :  118.0  15.0
2024 12  2024.958 :  115.9  15.5
2025 01  2025.042 :  113.8  15.9
2025 02  2025.125 :  111.6  16.2
2025 03  2025.208 :  109.5  16.6
