2023 10  2023.790 :  124.7     0
2023 11  2023.873 :  125.8     0
2023 12  2023.958 :  127.8     0
2024 01  2024.042 :  121.3   6.9
2024 02  2024.124 :  121.0   7.6
2024 03  2024.206 :  121.3   8.5
2024 04  2024.288 :  121.0   9.7
2024 05  2024.373 :  120.8  10.9
2024 06  2024.455 :  121.7  12.1
2024 07  2024.540 :  123.4  13.3
2024 08  2024.624 :  124.8  14.3
2024 09  2024.706 :  125.6  15.2
2024 10  2024.791 :  125.8  15.9
2024 11  2024.873 :  125.6  16.6
2024 12  2024.958 :  124.8  17.2
2025 01  2025.042 :  124.0  17.8
2025 02  2025.122 :  123.6  18.4
2025 03  2025.204 :  124.0  19.2
