2023 10  2023.792 : 123.6  24.7
2023 11  2023.875 : 123.1  24.6
2023 12  2023.958 : 123.1  24.6
2024 01  2024.042 : 123.8  24.8
2024 02  2024.125 : 124.0  24.8
2024 03  2024.208 : 123.0  24.6
2024 04  2024.292 : 122.4  24.5
2024 05  2024.375 : 123.4  24.7
2024 06  2024.458 : 125.8  25.2
2024 07  2024.542 : 129.4  25.9
2024 08  2024.625 : 131.8  26.4
2024 09  2024.708 : 133.1  26.6
2024 10  2024.792 : 133.1  26.6
2024 11  2024.875 : 132.6  26.5
2024 12  2024.958 : 132.0  26.4
2025 01  2025.042 : 130.6  26.1
2025 02  2025.125 : 129.4  25.9
2025 03  2025.208 : 129.9  26.0
