2023 10  2023.790 : 124.7   8.6
2023 11  2023.873 : 125.8  14.6
2023 12  2023.958 : 127.8  20.7
2024 01  2024.042 : 129.7  26.2
2024 02  2024.124 : 130.2  29.8
2024 03  2024.206 : 129.2  34.4
2024 04  2024.288 : 128.4  38.7
2024 05  2024.373 : 128.4  41.0
2024 06  2024.455 : 130.3  45.2
2024 07  2024.540 : 133.2  48.3
2024 08  2024.624 : 134.2  48.1
2024 09  2024.706 : 134.6  45.5
2024 10  2024.791 : 134.5  44.7
2024 11  2024.873 : 133.7  47.9
2024 12  2024.958 : 132.5  51.6
2025 01  2025.042 : 131.5  54.2
2025 02  2025.122 : 131.4  55.0
2025 03  2025.204 : 132.7  53.9
