2023 10  2023.792 : 125.7  11.1
2023 11  2023.875 : 118.5  13.9
2023 12  2023.958 : 114.4  16.7
2024 01  2024.042 : 117.6  19.4
2024 02  2024.125 : 120.4  22.2
2024 03  2024.208 : 122.6  25.0
2024 04  2024.292 : 123.7  27.8
2024 05  2024.375 : 123.9  30.6
2024 06  2024.458 : 123.0  33.3
2024 07  2024.542 : 121.2  36.1
2024 08  2024.625 : 119.3  38.9
2024 09  2024.708 : 117.3  41.7
2024 10  2024.792 : 115.4  44.4
2024 11  2024.875 : 113.3  47.2
2024 12  2024.958 : 111.2  50.0
2025 01  2025.042 : 109.2  52.8
2025 02  2025.125 : 107.1  55.6
2025 03  2025.208 : 105.1  58.3
