2024 05  2024.375 :  146.4     0
2024 06  2024.458 :  153.8     0
2024 07  2024.542 :  167.8     0
2024 08  2024.625 :  171.8   8.2
2024 09  2024.708 :  169.4   9.0
2024 10  2024.792 :  166.7   9.9
2024 11  2024.875 :  163.9  11.3
2024 12  2024.958 :  160.7  12.5
2025 01  2025.042 :  157.6  13.5
2025 02  2025.125 :  154.5  14.4
2025 03  2025.208 :  151.4  15.1
2025 04  2025.292 :  148.7  15.9
2025 05  2025.375 :  146.2  16.5
2025 06  2025.458 :  143.9  17.2
2025 07  2025.542 :  141.9  17.8
2025 08  2025.625 :  140.0  18.4
2025 09  2025.708 :  138.1  18.9
2025 10  2025.792 :  136.3  19.3
