2024 05  2024.373 :  143.8     0
2024 06  2024.455 :  144.5     0
2024 07  2024.540 :  146.2     0
2024 08  2024.624 :  166.3   7.7
2024 09  2024.706 :  164.6   8.6
2024 10  2024.791 :  163.3   9.7
2024 11  2024.873 :  162.8  11.2
2024 12  2024.958 :  161.5  12.4
2025 01  2025.042 :  160.0  13.5
2025 02  2025.122 :  159.0  14.6
2025 03  2025.204 :  158.9  15.7
2025 04  2025.286 :  158.7  16.6
2025 05  2025.371 :  157.5  17.3
2025 06  2025.453 :  155.7  17.9
2025 07  2025.538 :  152.6  18.3
2025 08  2025.623 :  148.7  18.5
2025 09  2025.705 :  144.6  18.7
2025 10  2025.790 :  140.8  19.0
