2024 05  2024.375 :  142.8     0
2024 06  2024.458 :  144.5     0
2024 07  2024.542 :  150.9     0
2024 08  2024.625 :  162.6   7.8
2024 09  2024.708 :  163.8   8.7
2024 10  2024.792 :  163.5   9.7
2024 11  2024.875 :  162.0  11.1
2024 12  2024.958 :  159.9  12.3
2025 01  2025.042 :  157.0  13.2
2025 02  2025.125 :  154.0  14.0
2025 03  2025.208 :  151.7  14.9
2025 04  2025.292 :  149.4  15.6
2025 05  2025.375 :  146.4  16.0
2025 06  2025.458 :  144.9  16.7
2025 07  2025.542 :  142.3  17.1
2025 08  2025.625 :  139.2  17.4
2025 09  2025.708 :  136.8  18.0
2025 10  2025.792 :  135.7  18.7
