2024 05  2024.375 : 147.1  29.4
2024 06  2024.458 : 147.8  29.6
2024 07  2024.542 : 149.5  29.9
2024 08  2024.625 : 150.1  30.0
2024 09  2024.708 : 149.6  29.9
2024 10  2024.792 : 147.8  29.6
2024 11  2024.875 : 145.2  29.0
2024 12  2024.958 : 142.5  28.5
2025 01  2025.042 : 139.0  27.8
2025 02  2025.125 : 135.7  27.1
2025 03  2025.208 : 134.1  26.8
2025 04  2025.292 : 131.8  26.4
2025 05  2025.375 : 128.0  25.6
2025 06  2025.458 : 126.3  25.3
2025 07  2025.542 : 123.1  24.6
2025 08  2025.625 : 119.8  24.0
2025 09  2025.708 : 118.5  23.7
2025 10  2025.792 : 118.6  23.7
