2024 05  2024.375 : 151.8  11.1
2024 06  2024.458 : 159.3  13.9
2024 07  2024.542 : 173.5  16.7
2024 08  2024.625 : 170.7  19.4
2024 09  2024.708 : 167.9  22.2
2024 10  2024.792 : 165.0  25.0
2024 11  2024.875 : 161.9  27.8
2024 12  2024.958 : 158.6  30.6
2025 01  2025.042 : 155.4  33.3
2025 02  2025.125 : 152.4  36.1
2025 03  2025.208 : 149.5  38.9
2025 04  2025.292 : 147.0  41.7
2025 05  2025.375 : 144.8  44.4
2025 06  2025.458 : 142.7  47.2
2025 07  2025.542 : 140.9  50.0
2025 08  2025.625 : 139.1  52.8
2025 09  2025.708 : 137.1  55.6
2025 10  2025.792 : 135.2  58.3
