2024 05  2024.373 : 143.8   6.5
2024 06  2024.455 : 144.5  13.5
2024 07  2024.540 : 146.2  19.8
2024 08  2024.624 : 146.5  23.1
2024 09  2024.706 : 146.5  22.8
2024 10  2024.791 : 146.1  23.1
2024 11  2024.873 : 144.8  27.2
2024 12  2024.958 : 142.9  32.1
2025 01  2025.042 : 141.4  35.1
2025 02  2025.122 : 140.8  36.4
2025 03  2025.204 : 141.4  37.3
2025 04  2025.286 : 141.0  36.6
2025 05  2025.371 : 139.0  35.9
2025 06  2025.453 : 136.7  36.8
2025 07  2025.538 : 133.1  37.4
2025 08  2025.623 : 128.8  37.8
2025 09  2025.705 : 125.2  38.1
2025 10  2025.790 : 122.1  39.0
