2022 11  2022.875 :   97.0     0
2022 12  2022.958 :  100.6     0
2023 01  2023.042 :  108.5     0
2023 02  2023.125 :  111.9   6.6
2023 03  2023.208 :  115.2   7.4
2023 04  2023.292 :  118.5   8.6
2023 05  2023.375 :  123.0  10.2
2023 06  2023.458 :  127.7  11.7
2023 07  2023.542 :  132.6  13.3
2023 08  2023.625 :  137.6  14.7
2023 09  2023.708 :  142.5  16.2
2023 10  2023.792 :  147.8  17.7
2023 11  2023.875 :  153.6  19.2
2023 12  2023.958 :  159.7  20.8
2024 01  2024.042 :  165.9  22.4
2024 02  2024.125 :  171.3  23.7
2024 03  2024.208 :  175.7  24.9
2024 04  2024.292 :  178.8  25.9
