2022 11  2022.873 :  101.8     0
2022 12  2022.958 :  104.7     0
2023 01  2023.042 :  107.1     0
2023 02  2023.122 :  113.2   6.5
2023 03  2023.204 :  115.2   7.3
2023 04  2023.286 :  115.2   8.3
2023 05  2023.371 :  117.8   9.8
2023 06  2023.453 :  120.1  11.1
2023 07  2023.538 :  122.4  12.3
2023 08  2023.623 :  125.0  13.6
2023 09  2023.705 :  127.4  14.7
2023 10  2023.790 :  129.4  15.7
2023 11  2023.873 :  131.1  16.7
2023 12  2023.958 :  133.0  17.7
2024 01  2024.042 :  135.1  18.7
2024 02  2024.124 :  136.4  19.5
2024 03  2024.206 :  136.7  20.1
2024 04  2024.288 :  136.3  20.6
