2021 11  2021.873 :   48.1     0
2021 12  2021.958 :   51.0     0
2022 01  2022.042 :   54.2     0
2022 02  2022.122 :   62.9   4.6
2022 03  2022.204 :   66.8   5.2
2022 04  2022.286 :   68.2   6.2
2022 05  2022.371 :   73.4   7.7
2022 06  2022.453 :   78.3   9.1
2022 07  2022.538 :   82.0  10.3
2022 08  2022.623 :   85.3  11.5
2022 09  2022.705 :   88.3  12.6
2022 10  2022.790 :   91.5  13.8
2022 11  2022.873 :   95.5  15.2
2022 12  2022.958 :   99.4  16.3
2023 01  2023.042 :  102.4  17.4
2023 02  2023.122 :  105.9  18.7
2023 03  2023.204 :  109.9  20.0
2023 04  2023.286 :  113.0  21.0
