2021 11  2021.875 :   45.8     0
2021 12  2021.958 :   50.5     0
2022 01  2022.042 :   56.5     0
2022 02  2022.125 :   62.6   4.8
2022 03  2022.208 :   71.1   5.8
2022 04  2022.292 :   80.0   7.1
2022 05  2022.375 :   89.1   8.8
2022 06  2022.458 :   98.3  10.7
2022 07  2022.542 :  107.4  12.6
2022 08  2022.625 :  116.5  14.5
2022 09  2022.708 :  126.0  16.4
2022 10  2022.792 :  136.3  18.5
2022 11  2022.875 :  147.5  20.8
2022 12  2022.958 :  160.2  23.3
2023 01  2023.042 :  175.5  26.2
2023 02  2023.125 :  192.9  29.5
2023 03  2023.208 :  210.5  32.7
2023 04  2023.292 :  226.9  35.7
