2022 04  2022.292 :   70.4     0
2022 05  2022.375 :   77.2     0
2022 06  2022.458 :   81.9     0
2022 07  2022.542 :   84.4   5.7
2022 08  2022.625 :   89.7   6.6
2022 09  2022.708 :   95.6   7.7
2022 10  2022.792 :  101.8   9.2
2022 11  2022.875 :  107.9  10.8
2022 12  2022.958 :  114.3  12.3
2023 01  2023.042 :  121.0  13.8
2023 02  2023.125 :  128.3  15.4
2023 03  2023.208 :  136.2  17.0
2023 04  2023.292 :  145.3  18.7
2023 05  2023.375 :  155.3  20.6
2023 06  2023.458 :  165.4  22.4
2023 07  2023.542 :  175.0  24.2
2023 08  2023.625 :  184.1  26.0
2023 09  2023.708 :  192.7  27.8
