2022 04  2022.292 :  74.6  11.1
2022 05  2022.375 :  79.2  13.9
2022 06  2022.458 :  84.2  16.7
2022 07  2022.542 :  90.5  19.4
2022 08  2022.625 :  96.6  22.2
2022 09  2022.708 : 102.6  25.0
2022 10  2022.792 : 108.4  27.8
2022 11  2022.875 : 113.9  30.6
2022 12  2022.958 : 119.7  33.3
2023 01  2023.042 : 125.8  36.1
2023 02  2023.125 : 132.4  38.9
2023 03  2023.208 : 139.5  41.7
2023 04  2023.292 : 147.7  44.4
2023 05  2023.375 : 156.5  47.2
2023 06  2023.458 : 165.1  50.0
2023 07  2023.542 : 173.4  52.8
2023 08  2023.625 : 181.2  55.6
2023 09  2023.708 : 189.1  58.3
