2022 04  2022.286 :  73.1   6.4
2022 05  2022.371 :  77.7  11.9
2022 06  2022.453 :  81.4  15.0
2022 07  2022.538 :  84.6  18.4
2022 08  2022.623 :  87.9  23.0
2022 09  2022.705 :  90.8  27.1
2022 10  2022.790 :  94.0  32.1
2022 11  2022.873 :  97.8  37.0
2022 12  2022.958 : 100.9  40.5
2023 01  2023.042 : 103.6  44.8
2023 02  2023.122 : 107.5  50.5
2023 03  2023.204 : 110.7  55.1
2023 04  2023.286 : 112.6  57.6
2023 05  2023.371 : 115.0  58.7
2023 06  2023.453 : 116.7  59.7
2023 07  2023.538 : 118.8  61.0
2023 08  2023.623 : 121.6  62.4
2023 09  2023.705 : 123.6  62.8
