2025 07  2025.542 :  123.9     0
2025 08  2025.625 :  119.7     0
2025 09  2025.708 :  121.4     0
2025 10  2025.792 :  118.1   6.8
2025 11  2025.875 :  115.7   7.4
2025 12  2025.958 :  114.3   8.1
2026 01  2026.042 :  112.8   9.4
2026 02  2026.125 :  111.3  10.4
2026 03  2026.208 :  109.8  11.2
2026 04  2026.292 :  108.2  12.0
2026 05  2026.375 :  106.4  12.7
2026 06  2026.458 :  104.5  13.3
2026 07  2026.542 :  102.6  13.8
2026 08  2026.625 :  100.6  14.2
2026 09  2026.708 :   98.4  14.6
2026 10  2026.792 :   96.1  14.9
2026 11  2026.875 :   93.5  15.1
2026 12  2026.958 :   91.0  15.3
