2025 07  2025.538 :  121.0     0
2025 08  2025.623 :  116.7     0
2025 09  2025.705 :  113.1     0
2025 10  2025.790 :  113.9   6.6
2025 11  2025.873 :  111.1   7.1
2025 12  2025.958 :  112.4   7.9
2026 01  2026.042 :  110.5   9.1
2026 02  2026.122 :  108.2  10.0
2026 03  2026.204 :  105.3  10.7
2026 04  2026.286 :  101.8  11.2
2026 05  2026.371 :   98.3  11.7
2026 06  2026.453 :   94.5  12.0
2026 07  2026.538 :   91.0  12.3
2026 08  2026.623 :   88.0  12.6
2026 09  2026.705 :   85.4  13.0
2026 10  2026.790 :   82.7  13.2
2026 11  2026.873 :   79.9  13.3
2026 12  2026.958 :   76.9  13.3
