2025 07  2025.542 :  125.2     0
2025 08  2025.625 :  123.8     0
2025 09  2025.708 :  122.5     0
2025 10  2025.792 :  118.2   6.6
2025 11  2025.875 :  116.5   7.3
2025 12  2025.958 :  116.5   8.2
2026 01  2026.042 :  116.6   9.6
2026 02  2026.125 :  116.8  10.7
2026 03  2026.208 :  116.6  11.7
2026 04  2026.292 :  115.8  12.6
2026 05  2026.375 :  114.6  13.3
2026 06  2026.458 :  113.0  13.9
2026 07  2026.542 :  111.1  14.5
2026 08  2026.625 :  107.9  14.8
2026 09  2026.708 :  105.2  15.2
2026 10  2026.792 :  102.6  15.5
2026 11  2026.875 :   99.8  15.6
2026 12  2026.958 :   96.8  15.8
