2025 07  2025.538 : 121.0   5.5
2025 08  2025.623 : 116.7   7.5
2025 09  2025.705 : 113.1   7.7
2025 10  2025.790 : 110.3  10.8
2025 11  2025.873 : 108.0  13.5
2025 12  2025.958 : 106.6  15.1
2026 01  2026.042 : 105.1  17.1
2026 02  2026.122 : 102.6  18.4
2026 03  2026.204 :  99.2  18.6
2026 04  2026.286 :  95.4  18.2
2026 05  2026.371 :  91.9  18.2
2026 06  2026.453 :  88.1  19.1
2026 07  2026.538 :  85.0  20.9
2026 08  2026.623 :  82.7  22.9
2026 09  2026.705 :  80.5  24.2
2026 10  2026.790 :  77.9  25.0
2026 11  2026.873 :  75.0  25.7
2026 12  2026.958 :  71.9  25.8
