2025 07  2025.542 : 120.4  11.1
2025 08  2025.625 : 115.1  13.9
2025 09  2025.708 : 119.1  16.7
2025 10  2025.792 : 117.2  19.4
2025 11  2025.875 : 115.7  22.2
2025 12  2025.958 : 114.5  25.0
2026 01  2026.042 : 113.1  27.8
2026 02  2026.125 : 111.5  30.6
2026 03  2026.208 : 110.0  33.3
2026 04  2026.292 : 108.4  36.1
2026 05  2026.375 : 106.5  38.9
2026 06  2026.458 : 104.5  41.7
2026 07  2026.542 : 102.5  44.4
2026 08  2026.625 : 100.4  47.2
2026 09  2026.708 :  98.2  50.0
2026 10  2026.792 :  95.7  52.8
2026 11  2026.875 :  92.9  55.6
2026 12  2026.958 :  90.3  58.3
