2025 07  2025.542 : 120.8  24.2
2025 08  2025.625 : 118.4  23.7
2025 09  2025.708 : 115.3  23.1
2025 10  2025.792 : 113.6  22.7
2025 11  2025.875 : 114.4  22.9
2025 12  2025.958 : 115.6  23.1
2026 01  2026.042 : 116.1  23.2
2026 02  2026.125 : 116.4  23.3
2026 03  2026.208 : 116.2  23.2
2026 04  2026.292 : 114.9  23.0
2026 05  2026.375 : 113.6  22.7
2026 06  2026.458 : 111.8  22.4
2026 07  2026.542 : 109.7  21.9
2026 08  2026.625 : 106.6  21.3
2026 09  2026.708 : 104.3  20.9
2026 10  2026.792 : 101.7  20.3
2026 11  2026.875 :  98.6  19.7
2026 12  2026.958 :  95.4  19.1
