2024 04  2024.288 :  140.0     0
2024 05  2024.373 :  139.6     0
2024 06  2024.455 :  140.5     0
2024 07  2024.540 :  164.3   7.6
2024 08  2024.624 :  167.1   8.5
2024 09  2024.706 :  162.3   9.7
2024 10  2024.791 :  162.7  11.2
2024 11  2024.873 :  162.2  12.5
2024 12  2024.958 :  161.0  13.6
2025 01  2025.042 :  159.7  14.6
2025 02  2025.122 :  158.7  15.6
2025 03  2025.204 :  158.7  16.7
2025 04  2025.286 :  158.7  17.6
2025 05  2025.371 :  157.5  18.2
2025 06  2025.453 :  155.6  18.7
2025 07  2025.538 :  152.5  19.0
2025 08  2025.623 :  148.4  19.2
2025 09  2025.705 :  144.2  19.4
