2024 04  2024.292 :  136.8     0
2024 05  2024.375 :  137.5     0
2024 06  2024.458 :  141.0     0
2024 07  2024.542 :  157.0   7.6
2024 08  2024.625 :  161.7   8.5
2024 09  2024.708 :  163.1   9.7
2024 10  2024.792 :  162.9  11.2
2024 11  2024.875 :  161.6  12.4
2024 12  2024.958 :  159.8  13.4
2025 01  2025.042 :  157.3  14.2
2025 02  2025.125 :  154.5  15.0
2025 03  2025.208 :  152.6  15.8
2025 04  2025.292 :  150.7  16.5
2025 05  2025.375 :  149.6  17.1
2025 06  2025.458 :  148.0  17.8
2025 07  2025.542 :  145.4  18.1
2025 08  2025.625 :  142.1  18.4
2025 09  2025.708 :  139.7  18.9
