2024 04  2024.292 :  139.5     0
2024 05  2024.375 :  146.3     0
2024 06  2024.458 :  155.9     0
2024 07  2024.542 :  165.7   8.0
2024 08  2024.625 :  166.4   8.8
2024 09  2024.708 :  164.3   9.9
2024 10  2024.792 :  161.7  11.3
2024 11  2024.875 :  158.8  12.5
2024 12  2024.958 :  155.8  13.5
2025 01  2025.042 :  152.7  14.3
2025 02  2025.125 :  149.6  15.1
2025 03  2025.208 :  146.6  15.8
2025 04  2025.292 :  143.9  16.4
2025 05  2025.375 :  141.5  17.0
2025 06  2025.458 :  139.4  17.6
2025 07  2025.542 :  137.5  18.2
2025 08  2025.625 :  135.7  18.7
2025 09  2025.708 :  133.9  19.2
