2024 04  2024.292 : 147.5  11.1
2024 05  2024.375 : 155.6  13.9
2024 06  2024.458 : 167.8  16.7
2024 07  2024.542 : 165.5  19.4
2024 08  2024.625 : 162.9  22.2
2024 09  2024.708 : 160.2  25.0
2024 10  2024.792 : 157.5  27.8
2024 11  2024.875 : 154.4  30.6
2024 12  2024.958 : 151.3  33.3
2025 01  2025.042 : 148.2  36.1
2025 02  2025.125 : 145.2  38.9
2025 03  2025.208 : 142.3  41.7
2025 04  2025.292 : 139.8  44.4
2025 05  2025.375 : 137.7  47.2
2025 06  2025.458 : 135.9  50.0
2025 07  2025.542 : 134.2  52.8
2025 08  2025.625 : 132.5  55.6
2025 09  2025.708 : 130.7  58.3
