2024 04  2024.292 : 142.6  28.5
2024 05  2024.375 : 142.0  28.4
2024 06  2024.458 : 142.9  28.6
2024 07  2024.542 : 145.0  29.0
2024 08  2024.625 : 145.8  29.2
2024 09  2024.708 : 145.6  29.1
2024 10  2024.792 : 144.1  28.8
2024 11  2024.875 : 141.7  28.3
2024 12  2024.958 : 139.3  27.9
2025 01  2025.042 : 136.1  27.2
2025 02  2025.125 : 133.1  26.6
2025 03  2025.208 : 131.8  26.4
2025 04  2025.292 : 129.7  25.9
2025 05  2025.375 : 128.0  25.6
2025 06  2025.458 : 126.3  25.3
2025 07  2025.542 : 123.1  24.6
2025 08  2025.625 : 119.8  24.0
2025 09  2025.708 : 118.5  23.7
