2024 04  2024.288 : 140.0   7.0
2024 05  2024.373 : 139.6  12.6
2024 06  2024.455 : 140.5  18.6
2024 07  2024.540 : 142.3  24.1
2024 08  2024.624 : 142.9  27.0
2024 09  2024.706 : 143.1  26.7
2024 10  2024.791 : 142.8  27.0
2024 11  2024.873 : 141.6  31.2
2024 12  2024.958 : 139.9  36.1
2025 01  2025.042 : 138.5  39.0
2025 02  2025.122 : 137.9  40.0
2025 03  2025.204 : 138.7  40.4
2025 04  2025.286 : 138.4  39.2
2025 05  2025.371 : 136.3  37.9
2025 06  2025.453 : 134.0  38.4
2025 07  2025.538 : 130.4  38.9
2025 08  2025.623 : 126.1  39.3
2025 09  2025.705 : 122.6  39.7
