2025 02  2025.122 :  145.4     0
2025 03  2025.204 :  145.5     0
2025 04  2025.286 :  145.0     0
2025 05  2025.371 :  127.8   7.3
2025 06  2025.453 :  125.3   7.8
2025 07  2025.538 :  126.6   8.5
2025 08  2025.623 :  123.5   9.6
2025 09  2025.705 :  120.4  10.5
2025 10  2025.790 :  117.3  11.3
2025 11  2025.873 :  114.5  12.0
2025 12  2025.958 :  111.9  12.6
2026 01  2026.042 :  109.4  13.2
2026 02  2026.122 :  106.5  13.6
2026 03  2026.204 :  103.1  13.8
2026 04  2026.286 :   99.5  14.0
2026 05  2026.371 :   95.8  14.1
2026 06  2026.453 :   92.1  14.1
2026 07  2026.538 :   88.5  14.2
