2025 02  2025.125 :  144.2     0
2025 03  2025.208 :  139.1     0
2025 04  2025.292 :  134.6     0
2025 05  2025.375 :  125.7   6.9
2025 06  2025.458 :  122.6   7.4
2025 07  2025.542 :  120.4   8.2
2025 08  2025.625 :  118.4   9.3
2025 09  2025.708 :  116.6  10.3
2025 10  2025.792 :  114.8  11.2
2025 11  2025.875 :  113.3  12.0
2025 12  2025.958 :  111.8  12.7
2026 01  2026.042 :  110.3  13.4
2026 02  2026.125 :  108.6  13.9
2026 03  2026.208 :  106.8  14.4
2026 04  2026.292 :  105.0  14.9
2026 05  2026.375 :  103.1  15.3
2026 06  2026.458 :  101.0  15.6
2026 07  2026.542 :   98.9  15.9
