2025 02  2025.125 : 137.1  11.1
2025 03  2025.208 : 132.2  13.9
2025 04  2025.292 : 126.2  16.7
2025 05  2025.375 : 123.6  19.4
2025 06  2025.458 : 121.1  22.2
2025 07  2025.542 : 118.7  25.0
2025 08  2025.625 : 116.3  27.8
2025 09  2025.708 : 114.2  30.6
2025 10  2025.792 : 112.3  33.3
2025 11  2025.875 : 110.8  36.1
2025 12  2025.958 : 109.5  38.9
2026 01  2026.042 : 108.1  41.7
2026 02  2026.125 : 106.5  44.4
2026 03  2026.208 : 104.9  47.2
2026 04  2026.292 : 103.2  50.0
2026 05  2026.375 : 101.4  52.8
2026 06  2026.458 :  99.4  55.6
2026 07  2026.542 :  97.4  58.3
