2025 02  2025.125 : 143.1  28.6
2025 03  2025.208 : 140.7  28.1
2025 04  2025.292 : 138.3  27.7
2025 05  2025.375 : 135.5  27.1
2025 06  2025.458 : 134.1  26.8
2025 07  2025.542 : 133.3  26.7
2025 08  2025.625 : 130.3  26.1
2025 09  2025.708 : 126.4  25.3
2025 10  2025.792 : 124.1  24.8
2025 11  2025.875 : 124.1  24.8
2025 12  2025.958 : 124.7  24.9
2026 01  2026.042 : 124.5  24.9
2026 02  2026.125 : 124.1  24.8
2026 03  2026.208 : 122.3  24.5
2026 04  2026.292 : 119.5  23.9
2026 05  2026.375 : 116.7  23.3
2026 06  2026.458 : 113.3  22.7
2026 07  2026.542 : 109.6  21.9
