2023 02  2023.125 :  110.3     0
2023 03  2023.208 :  113.7     0
2023 04  2023.292 :  114.2     0
2023 05  2023.375 :  124.4   6.7
2023 06  2023.458 :  128.4   7.5
2023 07  2023.542 :  130.8   8.5
2023 08  2023.625 :  131.0   9.9
2023 09  2023.708 :  131.1  11.2
2023 10  2023.792 :  131.4  12.4
2023 11  2023.875 :  131.7  13.4
2023 12  2023.958 :  132.3  14.5
2024 01  2024.042 :  133.3  15.5
2024 02  2024.125 :  134.3  16.4
2024 03  2024.208 :  134.2  17.2
2024 04  2024.292 :  134.0  17.9
2024 05  2024.375 :  134.6  18.9
2024 06  2024.458 :  136.5  20.0
2024 07  2024.542 :  139.6  21.3
