2024 07  2024.540 :  153.9     0
2024 08  2024.624 :  153.9     0
2024 09  2024.706 :  153.4     0
2024 10  2024.791 :  159.9   7.8
2024 11  2024.873 :  157.8   8.5
2024 12  2024.958 :  158.5   9.5
2025 01  2025.042 :  157.0  10.9
2025 02  2025.122 :  155.9  12.2
2025 03  2025.204 :  155.3  13.4
2025 04  2025.286 :  154.9  14.4
2025 05  2025.371 :  153.6  15.3
2025 06  2025.453 :  151.8  16.0
2025 07  2025.538 :  149.1  16.5
2025 08  2025.623 :  145.4  16.8
2025 09  2025.705 :  141.6  17.2
2025 10  2025.790 :  137.9  17.5
2025 11  2025.873 :  134.5  17.8
2025 12  2025.958 :  131.4  18.2
