2024 07  2024.542 :  156.5     0
2024 08  2024.625 :  170.1     0
2024 09  2024.708 :  175.5     0
2024 10  2024.792 :  169.6   8.1
2024 11  2024.875 :  165.8   8.8
2024 12  2024.958 :  162.3   9.7
2025 01  2025.042 :  159.1  11.0
2025 02  2025.125 :  156.1  12.2
2025 03  2025.208 :  153.1  13.1
2025 04  2025.292 :  150.3  14.0
2025 05  2025.375 :  147.9  14.8
2025 06  2025.458 :  145.6  15.6
2025 07  2025.542 :  143.5  16.3
2025 08  2025.625 :  141.5  16.9
2025 09  2025.708 :  139.6  17.5
2025 10  2025.792 :  137.7  18.0
2025 11  2025.875 :  135.7  18.5
2025 12  2025.958 :  133.8  18.9
