2024 07  2024.542 :  153.4     0
2024 08  2024.625 :  159.5     0
2024 09  2024.708 :  161.1     0
2024 10  2024.792 :  161.7   7.8
2024 11  2024.875 :  159.8   8.5
2024 12  2024.958 :  157.5   9.4
2025 01  2025.042 :  154.4  10.7
2025 02  2025.125 :  151.1  11.8
2025 03  2025.208 :  148.5  12.8
2025 04  2025.292 :  146.0  13.7
2025 05  2025.375 :  142.7  14.3
2025 06  2025.458 :  139.0  14.8
2025 07  2025.542 :  134.3  15.1
2025 08  2025.625 :  131.3  15.5
2025 09  2025.708 :  129.2  16.1
2025 10  2025.792 :  128.1  16.9
2025 11  2025.875 :  127.5  17.6
2025 12  2025.958 :  127.1  18.2
