2024 07  2024.542 : 158.8  11.1
2024 08  2024.625 : 169.3  13.9
2024 09  2024.708 : 171.9  16.7
2024 10  2024.792 : 169.0  19.4
2024 11  2024.875 : 165.9  22.2
2024 12  2024.958 : 162.5  25.0
2025 01  2025.042 : 159.2  27.8
2025 02  2025.125 : 156.2  30.6
2025 03  2025.208 : 153.3  33.3
2025 04  2025.292 : 150.7  36.1
2025 05  2025.375 : 148.5  38.9
2025 06  2025.458 : 146.4  41.7
2025 07  2025.542 : 144.5  44.4
2025 08  2025.625 : 142.6  47.2
2025 09  2025.708 : 140.6  50.0
2025 10  2025.792 : 138.6  52.8
2025 11  2025.875 : 136.6  55.6
2025 12  2025.958 : 134.7  58.3
