2024 07  2024.542 : 155.4  31.1
2024 08  2024.625 : 155.8  31.2
2024 09  2024.708 : 155.2  31.0
2024 10  2024.792 : 153.2  30.6
2024 11  2024.875 : 150.5  30.1
2024 12  2024.958 : 147.7  29.5
2025 01  2025.042 : 144.0  28.8
2025 02  2025.125 : 140.6  28.1
2025 03  2025.208 : 138.9  27.8
2025 04  2025.292 : 136.4  27.3
2025 05  2025.375 : 132.5  26.5
2025 06  2025.458 : 128.6  25.7
2025 07  2025.542 : 123.1  24.6
2025 08  2025.625 : 119.8  24.0
2025 09  2025.708 : 118.5  23.7
2025 10  2025.792 : 118.6  23.7
2025 11  2025.875 : 118.6  23.7
2025 12  2025.958 : 118.3  23.7
