2024 07  2024.540 : 153.9   8.4
2024 08  2024.624 : 153.9  13.9
2024 09  2024.706 : 153.4  15.4
2024 10  2024.791 : 152.9  17.3
2024 11  2024.873 : 151.4  21.6
2024 12  2024.958 : 149.4  26.4
2025 01  2025.042 : 147.8  29.4
2025 02  2025.122 : 147.0  31.1
2025 03  2025.204 : 147.1  32.6
2025 04  2025.286 : 146.5  32.3
2025 05  2025.371 : 144.4  32.6
2025 06  2025.453 : 142.2  34.8
2025 07  2025.538 : 138.6  36.1
2025 08  2025.623 : 134.4  36.5
2025 09  2025.705 : 130.6  36.6
2025 10  2025.790 : 127.3  37.2
2025 11  2025.873 : 124.3  37.1
2025 12  2025.958 : 121.8  34.7
