2021 08  2021.625 :   34.5     0
2021 09  2021.708 :   39.7     0
2021 10  2021.792 :   42.8     0
2021 11  2021.875 :   46.9   4.1
2021 12  2021.958 :   51.1   4.6
2022 01  2022.042 :   53.9   5.5
2022 02  2022.125 :   56.7   6.6
2022 03  2022.208 :   59.8   7.8
2022 04  2022.292 :   62.9   8.9
2022 05  2022.375 :   66.0  10.1
2022 06  2022.458 :   68.9  11.1
2022 07  2022.542 :   71.5  12.2
2022 08  2022.625 :   73.8  13.1
2022 09  2022.708 :   75.4  14.0
2022 10  2022.792 :   76.5  14.7
2022 11  2022.875 :   77.5  15.4
2022 12  2022.958 :   78.2  16.0
2023 01  2023.042 :   79.0  16.7
