2021 08  2021.625 :  36.4   7.3
2021 09  2021.708 :  42.8   8.6
2021 10  2021.792 :  49.5   9.9
2021 11  2021.875 :  56.3  11.3
2021 12  2021.958 :  62.7  12.5
2022 01  2022.042 :  69.0  13.8
2022 02  2022.125 :  74.3  14.9
2022 03  2022.208 :  79.0  15.8
2022 04  2022.292 :  84.3  16.9
2022 05  2022.375 :  89.4  17.9
2022 06  2022.458 :  94.5  18.9
2022 07  2022.542 :  99.8  20.0
2022 08  2022.625 : 104.4  20.9
2022 09  2022.708 : 106.6  21.3
2022 10  2022.792 : 108.3  21.7
2022 11  2022.875 : 110.7  22.1
2022 12  2022.958 : 112.9  22.6
2023 01  2023.042 : 114.7  22.9
