2022 07  2022.542 :   81.8     0
2022 08  2022.625 :   84.8     0
2022 09  2022.708 :   86.4     0
2022 10  2022.792 :   89.4   5.8
2022 11  2022.875 :   92.8   6.5
2022 12  2022.958 :   96.4   7.4
2023 01  2023.042 :   99.8   8.7
2023 02  2023.125 :  103.1  10.0
2023 03  2023.208 :  106.4  11.1
2023 04  2023.292 :  109.9  12.3
2023 05  2023.375 :  113.7  13.3
2023 06  2023.458 :  117.8  14.4
2023 07  2023.542 :  122.2  15.5
2023 08  2023.625 :  126.8  16.6
2023 09  2023.708 :  131.6  17.6
2023 10  2023.792 :  136.4  18.7
2023 11  2023.875 :  141.3  19.9
2023 12  2023.958 :  146.7  21.2
