2022 07  2022.542 :  85.2  11.1
2022 08  2022.625 :  87.7  13.9
2022 09  2022.708 :  88.0  16.7
2022 10  2022.792 :  90.3  19.4
2022 11  2022.875 :  92.5  22.2
2022 12  2022.958 :  94.4  25.0
2023 01  2023.042 :  96.3  27.8
2023 02  2023.125 :  98.2  30.6
2023 03  2023.208 : 100.1  33.3
2023 04  2023.292 : 102.2  36.1
2023 05  2023.375 : 104.4  38.9
2023 06  2023.458 : 106.8  41.7
2023 07  2023.542 : 109.2  44.4
2023 08  2023.625 : 111.7  47.2
2023 09  2023.708 : 114.3  50.0
2023 10  2023.792 : 117.1  52.8
2023 11  2023.875 : 120.5  55.6
2023 12  2023.958 : 124.6  58.3
