2023 04  2023.292 :  117.6     0
2023 05  2023.375 :  119.4     0
2023 06  2023.458 :  124.3     0
2023 07  2023.542 :  130.8   7.0
2023 08  2023.625 :  131.0   7.7
2023 09  2023.708 :  130.8   8.6
2023 10  2023.792 :  130.7  10.0
2023 11  2023.875 :  130.5  11.2
2023 12  2023.958 :  130.6  12.3
2024 01  2024.042 :  131.2  13.4
2024 02  2024.125 :  131.8  14.4
2024 03  2024.208 :  131.7  15.2
2024 04  2024.292 :  131.4  16.0
2024 05  2024.375 :  132.0  16.9
2024 06  2024.458 :  133.8  18.1
2024 07  2024.542 :  136.8  19.3
2024 08  2024.625 :  139.7  20.5
2024 09  2024.708 :  142.1  21.4
