2023 04  2023.292 : 127.1  11.1
2023 05  2023.375 : 130.7  13.9
2023 06  2023.458 : 133.4  16.7
2023 07  2023.542 : 138.5  19.4
2023 08  2023.625 : 143.7  22.2
2023 09  2023.708 : 148.8  25.0
2023 10  2023.792 : 154.4  27.8
2023 11  2023.875 : 160.9  30.6
2023 12  2023.958 : 167.6  33.3
2024 01  2024.042 : 173.7  36.1
2024 02  2024.125 : 178.6  38.9
2024 03  2024.208 : 182.1  41.7
2024 04  2024.292 : 184.0  44.4
2024 05  2024.375 : 183.6  47.2
2024 06  2024.458 : 181.6  50.0
2024 07  2024.542 : 179.0  52.8
2024 08  2024.625 : 176.1  55.6
2024 09  2024.708 : 173.2  58.3
