2022 05  2022.375 :   75.3     0
2022 06  2022.458 :   80.2     0
2022 07  2022.542 :   84.4     0
2022 08  2022.625 :   86.5   5.8
2022 09  2022.708 :   91.7   6.6
2022 10  2022.792 :   97.1   7.7
2022 11  2022.875 :  102.6   9.2
2022 12  2022.958 :  108.0  10.7
2023 01  2023.042 :  113.7  12.1
2023 02  2023.125 :  119.6  13.6
2023 03  2023.208 :  125.9  15.0
2023 04  2023.292 :  132.9  16.6
2023 05  2023.375 :  140.8  18.2
2023 06  2023.458 :  149.2  19.8
2023 07  2023.542 :  157.7  21.5
2023 08  2023.625 :  165.8  23.1
2023 09  2023.708 :  173.6  24.8
2023 10  2023.792 :  181.3  26.4
