2022 05  2022.375 :   73.5     0
2022 06  2022.458 :   78.7     0
2022 07  2022.542 :   84.2     0
2022 08  2022.625 :   86.5   5.8
2022 09  2022.708 :   90.3   6.5
2022 10  2022.792 :   93.8   7.5
2022 11  2022.875 :   97.5   8.9
2022 12  2022.958 :  101.2  10.3
2023 01  2023.042 :  104.7  11.6
2023 02  2023.125 :  108.3  12.9
2023 03  2023.208 :  111.7  14.1
2023 04  2023.292 :  114.6  15.1
2023 05  2023.375 :  117.2  16.2
2023 06  2023.458 :  118.1  17.0
2023 07  2023.542 :  118.3  17.6
2023 08  2023.625 :  118.2  18.2
2023 09  2023.708 :  117.8  18.7
2023 10  2023.792 :  117.8  19.4
