2023 11  2023.875 :  123.5     0
2023 12  2023.958 :  121.7     0
2024 01  2024.042 :  121.1     0
2024 02  2024.125 :  120.8   6.9
2024 03  2024.208 :  120.2   7.5
2024 04  2024.292 :  120.1   8.3
2024 05  2024.375 :  120.2   9.7
2024 06  2024.458 :  121.5  11.1
2024 07  2024.542 :  123.8  12.5
2024 08  2024.625 :  126.1  13.7
2024 09  2024.708 :  127.8  14.7
2024 10  2024.792 :  128.6  15.6
2024 11  2024.875 :  128.6  16.3
2024 12  2024.958 :  128.5  17.0
2025 01  2025.042 :  127.8  17.6
2025 02  2025.125 :  126.8  18.1
2025 03  2025.208 :  126.6  18.9
2025 04  2025.292 :  126.4  19.5
