2023 11  2023.873 :  125.7     0
2023 12  2023.958 :  127.6     0
2024 01  2024.042 :  129.3     0
2024 02  2024.124 :  124.7   6.9
2024 03  2024.206 :  123.2   7.6
2024 04  2024.288 :  122.4   8.4
2024 05  2024.373 :  122.2   9.8
2024 06  2024.455 :  123.0  11.1
2024 07  2024.540 :  124.8  12.4
2024 08  2024.624 :  126.2  13.5
2024 09  2024.706 :  127.1  14.5
2024 10  2024.791 :  127.5  15.3
2024 11  2024.873 :  127.2  16.1
2024 12  2024.958 :  126.5  16.7
2025 01  2025.042 :  125.6  17.3
2025 02  2025.122 :  125.1  18.0
2025 03  2025.204 :  125.5  18.9
2025 04  2025.286 :  125.6  19.5
