2023 11  2023.875 :  123.4     0
2023 12  2023.958 :  117.7     0
2024 01  2024.042 :  115.1     0
2024 02  2024.125 :  117.8   6.7
2024 03  2024.208 :  120.1   7.4
2024 04  2024.292 :  122.4   8.4
2024 05  2024.375 :  123.5   9.7
2024 06  2024.458 :  123.7  10.8
2024 07  2024.542 :  122.9  11.8
2024 08  2024.625 :  121.7  12.6
2024 09  2024.708 :  120.0  13.3
2024 10  2024.792 :  118.3  13.9
2024 11  2024.875 :  116.3  14.5
2024 12  2024.958 :  114.3  15.0
2025 01  2025.042 :  112.3  15.4
2025 02  2025.125 :  110.2  15.8
2025 03  2025.208 :  108.1  16.2
2025 04  2025.292 :  106.2  16.5
