2023 11  2023.875 : 125.1  25.0
2023 12  2023.958 : 125.0  25.0
2024 01  2024.042 : 125.5  25.1
2024 02  2024.125 : 125.5  25.1
2024 03  2024.208 : 124.4  24.9
2024 04  2024.292 : 123.7  24.7
2024 05  2024.375 : 124.5  24.9
2024 06  2024.458 : 126.8  25.4
2024 07  2024.542 : 130.3  26.1
2024 08  2024.625 : 132.5  26.5
2024 09  2024.708 : 133.7  26.7
2024 10  2024.792 : 133.5  26.7
2024 11  2024.875 : 132.6  26.5
2024 12  2024.958 : 132.0  26.4
2025 01  2025.042 : 130.6  26.1
2025 02  2025.125 : 129.4  25.9
2025 03  2025.208 : 129.9  26.0
2025 04  2025.292 : 129.7  25.9
