2023 11  2023.875 : 123.1  11.1
2023 12  2023.958 : 116.6  13.9
2024 01  2024.042 : 115.2  16.7
2024 02  2024.125 : 117.9  19.4
2024 03  2024.208 : 119.9  22.2
2024 04  2024.292 : 121.0  25.0
2024 05  2024.375 : 121.2  27.8
2024 06  2024.458 : 120.2  30.6
2024 07  2024.542 : 118.4  33.3
2024 08  2024.625 : 116.6  36.1
2024 09  2024.708 : 114.7  38.9
2024 10  2024.792 : 112.9  41.7
2024 11  2024.875 : 110.8  44.4
2024 12  2024.958 : 108.8  47.2
2025 01  2025.042 : 106.9  50.0
2025 02  2025.125 : 104.8  52.8
2025 03  2025.208 : 102.9  55.6
2025 04  2025.292 : 101.1  58.3
