2023 11  2023.873 : 125.7   7.0
2023 12  2023.958 : 127.6  14.3
2024 01  2024.042 : 129.3  20.2
2024 02  2024.124 : 129.6  24.1
2024 03  2024.206 : 128.5  28.7
2024 04  2024.288 : 127.6  33.2
2024 05  2024.373 : 127.6  35.9
2024 06  2024.455 : 129.4  40.3
2024 07  2024.540 : 132.2  43.7
2024 08  2024.624 : 133.3  43.9
2024 09  2024.706 : 133.8  41.9
2024 10  2024.791 : 133.8  41.4
2024 11  2024.873 : 132.9  44.7
2024 12  2024.958 : 131.7  48.6
2025 01  2025.042 : 130.6  51.1
2025 02  2025.122 : 130.4  51.9
2025 03  2025.204 : 131.7  51.1
2025 04  2025.286 : 131.6  49.1
