2022 08  2022.623 :   89.6     0
2022 09  2022.705 :   92.4     0
2022 10  2022.790 :   95.3     0
2022 11  2022.873 :  101.7   6.0
2022 12  2022.958 :  107.5   6.7
2023 01  2023.042 :  104.1   7.7
2023 02  2023.122 :  107.4   9.3
2023 03  2023.204 :  110.7  10.7
2023 04  2023.286 :  113.4  12.0
2023 05  2023.371 :  116.2  13.2
2023 06  2023.453 :  118.6  14.4
2023 07  2023.538 :  120.9  15.5
2023 08  2023.623 :  123.6  16.7
2023 09  2023.705 :  125.8  17.7
2023 10  2023.790 :  127.8  18.7
2023 11  2023.873 :  129.4  19.6
2023 12  2023.958 :  131.6  20.7
2024 01  2024.042 :  133.8  21.7
