2022 08  2022.625 :   84.2     0
2022 09  2022.708 :   88.3     0
2022 10  2022.792 :   91.9     0
2022 11  2022.875 :   96.2   6.0
2022 12  2022.958 :  100.9   6.8
2023 01  2023.042 :  105.6   7.8
2023 02  2023.125 :  109.3   9.3
2023 03  2023.208 :  112.8  10.8
2023 04  2023.292 :  115.7  12.1
2023 05  2023.375 :  118.3  13.3
2023 06  2023.458 :  120.6  14.4
2023 07  2023.542 :  122.2  15.4
2023 08  2023.625 :  123.4  16.3
2023 09  2023.708 :  123.0  17.0
2023 10  2023.792 :  123.0  17.8
2023 11  2023.875 :  122.8  18.5
2023 12  2023.958 :  122.9  19.2
2024 01  2024.042 :  123.5  20.0
