2022 08  2022.625 :   85.8     0
2022 09  2022.708 :   88.2     0
2022 10  2022.792 :   90.8     0
2022 11  2022.875 :   95.5   6.0
2022 12  2022.958 :  100.0   6.7
2023 01  2023.042 :  104.4   7.7
2023 02  2023.125 :  107.6   9.2
2023 03  2023.208 :  110.8  10.6
2023 04  2023.292 :  114.1  12.0
2023 05  2023.375 :  117.7  13.3
2023 06  2023.458 :  121.5  14.7
2023 07  2023.542 :  125.5  16.0
2023 08  2023.625 :  129.8  17.3
2023 09  2023.708 :  134.2  18.6
2023 10  2023.792 :  138.8  19.9
2023 11  2023.875 :  143.9  21.4
2023 12  2023.958 :  149.5  22.9
2024 01  2024.042 :  155.0  24.4
