2022 08  2022.623 :  89.6   7.8
2022 09  2022.705 :  92.4  12.5
2022 10  2022.790 :  95.3  17.5
2022 11  2022.873 :  98.7  22.4
2022 12  2022.958 : 101.6  25.6
2023 01  2023.042 : 104.0  29.2
2023 02  2023.122 : 107.5  34.8
2023 03  2023.204 : 110.6  40.5
2023 04  2023.286 : 112.6  44.7
2023 05  2023.371 : 115.3  47.3
2023 06  2023.453 : 117.2  49.8
2023 07  2023.538 : 119.5  52.7
2023 08  2023.623 : 122.4  55.3
2023 09  2023.705 : 124.4  56.7
2023 10  2023.790 : 125.9  58.2
2023 11  2023.873 : 127.3  59.4
2023 12  2023.958 : 129.8  60.5
2024 01  2024.042 : 132.1  61.2
