2022 01  2022.042 :  61.0  11.1
2022 02  2022.125 :  66.1  13.9
2022 03  2022.208 :  73.6  16.7
2022 04  2022.292 :  82.3  19.4
2022 05  2022.375 :  91.1  22.2
2022 06  2022.458 : 100.0  25.0
2022 07  2022.542 : 108.8  27.8
2022 08  2022.625 : 117.6  30.6
2022 09  2022.708 : 126.5  33.3
2022 10  2022.792 : 136.3  36.1
2022 11  2022.875 : 146.8  38.9
2022 12  2022.958 : 158.8  41.7
2023 01  2023.042 : 172.8  44.4
2023 02  2023.125 : 188.9  47.2
2023 03  2023.208 : 205.3  50.0
2023 04  2023.292 : 220.6  52.8
2023 05  2023.375 : 234.3  55.6
2023 06  2023.458 : 246.7  58.3
