2022 01  2022.042 :  59.0   5.8
2022 02  2022.122 :  61.4  10.5
2022 03  2022.204 :  63.6  13.1
2022 04  2022.286 :  67.8  16.9
2022 05  2022.371 :  72.7  21.1
2022 06  2022.453 :  76.3  23.6
2022 07  2022.538 :  79.3  26.0
2022 08  2022.623 :  82.3  29.7
2022 09  2022.705 :  85.1  34.0
2022 10  2022.790 :  88.5  39.3
2022 11  2022.873 :  92.5  44.2
2022 12  2022.958 :  95.7  47.7
2023 01  2023.042 :  98.3  51.8
2023 02  2023.122 : 102.1  57.0
2023 03  2023.204 : 105.5  61.6
2023 04  2023.286 : 107.6  64.3
2023 05  2023.371 : 110.2  65.3
2023 06  2023.453 : 111.8  66.0
