2022 01  2022.042 :  59.6  11.9
2022 02  2022.125 :  65.1  13.0
2022 03  2022.208 :  69.9  14.0
2022 04  2022.292 :  75.4  15.1
2022 05  2022.375 :  80.6  16.1
2022 06  2022.458 :  86.0  17.2
2022 07  2022.542 :  91.4  18.3
2022 08  2022.625 :  96.2  19.2
2022 09  2022.708 : 100.0  20.0
2022 10  2022.792 : 103.3  20.7
2022 11  2022.875 : 107.4  21.5
2022 12  2022.958 : 111.3  22.3
2023 01  2023.042 : 114.7  22.9
2023 02  2023.125 : 117.1  23.4
2023 03  2023.208 : 119.0  23.8
2023 04  2023.292 : 119.8  24.0
2023 05  2023.375 : 120.9  24.2
2023 06  2023.458 : 121.4  24.3
