2023 06  2023.458 : 126.2  11.1
2023 07  2023.542 : 127.1  13.9
2023 08  2023.625 : 131.5  16.7
2023 09  2023.708 : 135.7  19.4
2023 10  2023.792 : 140.2  22.2
2023 11  2023.875 : 145.7  25.0
2023 12  2023.958 : 151.7  27.8
2024 01  2024.042 : 157.2  30.6
2024 02  2024.125 : 161.9  33.3
2024 03  2024.208 : 165.2  36.1
2024 04  2024.292 : 167.2  38.9
2024 05  2024.375 : 167.2  41.7
2024 06  2024.458 : 165.5  44.4
2024 07  2024.542 : 163.2  47.2
2024 08  2024.625 : 160.7  50.0
2024 09  2024.708 : 158.0  52.8
2024 10  2024.792 : 155.4  55.6
2024 11  2024.875 : 152.3  58.3
