2023 06  2023.453 : 125.3   6.4
2023 07  2023.538 : 126.8  14.5
2023 08  2023.623 : 129.0  22.2
2023 09  2023.705 : 130.6  28.2
2023 10  2023.790 : 131.9  33.9
2023 11  2023.873 : 133.4  38.4
2023 12  2023.958 : 135.5  42.4
2024 01  2024.042 : 137.4  45.6
2024 02  2024.124 : 137.8  47.9
2024 03  2024.206 : 137.1  51.7
2024 04  2024.288 : 136.4  55.2
2024 05  2024.373 : 136.2  56.0
2024 06  2024.455 : 137.9  58.4
2024 07  2024.540 : 140.4  59.8
2024 08  2024.624 : 140.9  58.1
2024 09  2024.706 : 140.8  54.7
2024 10  2024.791 : 140.6  53.6
2024 11  2024.873 : 139.8  56.3
