2023 06  2023.458 : 123.5  24.7
2023 07  2023.542 : 123.0  24.6
2023 08  2023.625 : 122.3  24.5
2023 09  2023.708 : 121.5  24.3
2023 10  2023.792 : 121.5  24.3
2023 11  2023.875 : 121.2  24.2
2023 12  2023.958 : 121.3  24.3
2024 01  2024.042 : 122.1  24.4
2024 02  2024.125 : 122.4  24.5
2024 03  2024.208 : 121.5  24.3
2024 04  2024.292 : 121.0  24.2
2024 05  2024.375 : 122.1  24.4
2024 06  2024.458 : 124.7  24.9
2024 07  2024.542 : 128.5  25.7
2024 08  2024.625 : 131.2  26.2
2024 09  2024.708 : 132.8  26.6
2024 10  2024.792 : 133.1  26.6
2024 11  2024.875 : 132.6  26.5
