2022 06  2022.458 :   76.9     0
2022 07  2022.542 :   82.4     0
2022 08  2022.625 :   86.1     0
2022 09  2022.708 :   88.1   5.9
2022 10  2022.792 :   91.0   6.6
2022 11  2022.875 :   93.8   7.6
2022 12  2022.958 :   97.4   9.0
2023 01  2023.042 :  100.7  10.3
2023 02  2023.125 :  104.2  11.6
2023 03  2023.208 :  107.5  12.8
2023 04  2023.292 :  110.2  13.8
2023 05  2023.375 :  112.8  14.9
2023 06  2023.458 :  115.0  15.8
2023 07  2023.542 :  115.2  16.5
2023 08  2023.625 :  115.1  17.1
2023 09  2023.708 :  114.8  17.6
2023 10  2023.792 :  114.7  18.3
2023 11  2023.875 :  114.6  18.9
