2021 03  2021.208 :   22.7     0
2021 04  2021.292 :   27.1     0
2021 05  2021.375 :   29.4     0
2021 06  2021.458 :   28.8   3.4
2021 07  2021.542 :   31.7   4.0
2021 08  2021.625 :   34.8   4.9
2021 09  2021.708 :   39.3   6.2
2021 10  2021.792 :   43.9   7.5
2021 11  2021.875 :   48.8   8.9
2021 12  2021.958 :   53.3  10.2
2022 01  2022.042 :   57.6  11.6
2022 02  2022.125 :   61.4  12.8
2022 03  2022.208 :   64.5  13.9
2022 04  2022.292 :   67.4  15.0
2022 05  2022.375 :   70.1  16.1
2022 06  2022.458 :   72.9  17.1
2022 07  2022.542 :   75.7  18.2
2022 08  2022.625 :   78.0  19.2
