2021 03  2021.208 :   21.4     0
2021 04  2021.292 :   20.7     0
2021 05  2021.375 :   22.8     0
2021 06  2021.458 :   25.2   3.0
2021 07  2021.542 :   27.1   3.5
2021 08  2021.625 :   28.8   4.2
2021 09  2021.708 :   30.8   5.1
2021 10  2021.792 :   33.1   6.0
2021 11  2021.875 :   35.0   6.9
2021 12  2021.958 :   37.5   7.9
2022 01  2022.042 :   39.5   8.8
2022 02  2022.125 :   40.7   9.5
2022 03  2022.208 :   43.8  10.6
2022 04  2022.292 :   47.4  11.9
2022 05  2022.375 :   52.0  13.4
2022 06  2022.458 :   56.7  15.0
2022 07  2022.542 :   60.3  16.4
2022 08  2022.625 :   63.3  17.6
