2021 03  2021.204 :  22.1   2.6
2021 04  2021.286 :  25.6   5.7
2021 05  2021.371 :  28.8   9.6
2021 06  2021.453 :  32.1  13.2
2021 07  2021.538 :  35.6  17.5
2021 08  2021.623 :  39.1  21.3
2021 09  2021.705 :  43.0  24.7
2021 10  2021.790 :  47.5  29.2
2021 11  2021.873 :  51.3  33.5
2021 12  2021.958 :  54.8  37.8
2022 01  2022.042 :  59.5  43.4
2022 02  2022.122 :  63.5  49.6
2022 03  2022.204 :  66.4  54.4
2022 04  2022.286 :  70.8  56.7
2022 05  2022.371 :  75.8  58.2
2022 06  2022.453 :  79.4  59.9
2022 07  2022.538 :  82.1  61.8
2022 08  2022.623 :  85.1  65.5
