2021 03  2021.208 :  23.1   4.6
2021 04  2021.292 :  28.1   5.6
2021 05  2021.375 :  32.5   6.5
2021 06  2021.458 :  36.6   7.3
2021 07  2021.542 :  41.2   8.2
2021 08  2021.625 :  46.5   9.3
2021 09  2021.708 :  52.6  10.5
2021 10  2021.792 :  58.8  11.8
2021 11  2021.875 :  65.3  13.1
2021 12  2021.958 :  71.3  14.3
2022 01  2022.042 :  77.1  15.4
2022 02  2022.125 :  82.1  16.4
2022 03  2022.208 :  86.3  17.3
2022 04  2022.292 :  90.2  18.0
2022 05  2022.375 :  93.8  18.8
2022 06  2022.458 :  97.5  19.5
2022 07  2022.542 : 101.3  20.3
2022 08  2022.625 : 104.4  20.9
