2021 10  2021.792 :   43.3     0
2021 11  2021.875 :   45.8     0
2021 12  2021.958 :   54.0     0
2022 01  2022.042 :   59.0   4.6
2022 02  2022.125 :   67.0   5.5
2022 03  2022.208 :   76.0   6.8
2022 04  2022.292 :   85.0   8.5
2022 05  2022.375 :   94.3  10.4
2022 06  2022.458 :  103.5  12.3
2022 07  2022.542 :  112.5  14.2
2022 08  2022.625 :  121.9  16.1
2022 09  2022.708 :  132.0  18.2
2022 10  2022.792 :  143.0  20.4
2022 11  2022.875 :  155.2  22.9
2022 12  2022.958 :  169.9  25.7
2023 01  2023.042 :  187.1  28.9
2023 02  2023.125 :  205.2  32.4
2023 03  2023.208 :  222.5  35.7
