2021 10  2021.792 :   44.9     0
2021 11  2021.875 :   49.3     0
2021 12  2021.958 :   57.8     0
2022 01  2022.042 :   61.8   4.8
2022 02  2022.125 :   66.8   5.5
2022 03  2022.208 :   71.8   6.5
2022 04  2022.292 :   77.0   7.9
2022 05  2022.375 :   81.9   9.3
2022 06  2022.458 :   87.0  10.7
2022 07  2022.542 :   92.1  12.2
2022 08  2022.625 :   96.6  13.5
2022 09  2022.708 :  100.2  14.7
2022 10  2022.792 :  103.3  15.8
2022 11  2022.875 :  105.6  16.8
2022 12  2022.958 :  107.7  17.8
2023 01  2023.042 :  109.4  18.6
2023 02  2023.125 :  111.7  19.6
2023 03  2023.208 :  113.5  20.5
