2021 10  2021.790 :  43.5   4.9
2021 11  2021.873 :  46.7   9.8
2021 12  2021.958 :  49.5  13.5
2022 01  2022.042 :  52.8  17.8
2022 02  2022.122 :  55.2  22.3
2022 03  2022.204 :  57.0  25.2
2022 04  2022.286 :  61.2  28.0
2022 05  2022.371 :  66.2  31.1
2022 06  2022.453 :  69.8  33.8
2022 07  2022.538 :  72.8  36.4
2022 08  2022.623 :  75.5  39.9
2022 09  2022.705 :  77.9  43.7
2022 10  2022.790 :  81.0  47.6
2022 11  2022.873 :  84.8  51.0
2022 12  2022.958 :  87.7  53.8
2023 01  2023.042 :  90.1  57.3
2023 02  2023.122 :  93.7  62.0
2023 03  2023.204 :  97.1  66.3
