2021 10  2021.792 :  43.7  11.1
2021 11  2021.875 :  48.0  13.9
2021 12  2021.958 :  53.2  16.7
2022 01  2022.042 :  60.9  19.4
2022 02  2022.125 :  69.6  22.2
2022 03  2022.208 :  78.7  25.0
2022 04  2022.292 :  88.1  27.8
2022 05  2022.375 :  97.7  30.6
2022 06  2022.458 : 107.2  33.3
2022 07  2022.542 : 116.6  36.1
2022 08  2022.625 : 126.3  38.9
2022 09  2022.708 : 136.8  41.7
2022 10  2022.792 : 148.1  44.4
2022 11  2022.875 : 160.8  47.2
2022 12  2022.958 : 176.0  50.0
2023 01  2023.042 : 193.8  52.8
2023 02  2023.125 : 212.6  55.6
2023 03  2023.208 : 230.5  58.3
