2024 09  2024.708 :  156.5     0
2024 10  2024.792 :  157.2     0
2024 11  2024.875 :  156.3     0
2024 12  2024.958 :  154.4   7.6
2025 01  2025.042 :  151.4   8.2
2025 02  2025.125 :  148.5   9.1
2025 03  2025.208 :  146.1  10.5
2025 04  2025.292 :  143.8  11.6
2025 05  2025.375 :  140.7  12.5
2025 06  2025.458 :  137.2  13.2
2025 07  2025.542 :  132.8  13.6
2025 08  2025.625 :  127.8  14.0
2025 09  2025.708 :  123.6  14.4
2025 10  2025.792 :  122.6  15.3
2025 11  2025.875 :  122.1  16.0
2025 12  2025.958 :  121.6  16.7
2026 01  2026.042 :  121.3  17.4
2026 02  2026.125 :  120.8  18.0
