2024 09  2024.708 :  162.1     0
2024 10  2024.792 :  166.6     0
2024 11  2024.875 :  162.6     0
2024 12  2024.958 :  157.8   7.6
2025 01  2025.042 :  154.1   8.2
2025 02  2025.125 :  151.0   9.1
2025 03  2025.208 :  148.1  10.4
2025 04  2025.292 :  145.4  11.6
2025 05  2025.375 :  143.0  12.5
2025 06  2025.458 :  140.9  13.4
2025 07  2025.542 :  138.8  14.2
2025 08  2025.625 :  137.0  15.0
2025 09  2025.708 :  135.1  15.6
2025 10  2025.792 :  133.2  16.2
2025 11  2025.875 :  131.4  16.8
2025 12  2025.958 :  129.4  17.3
2026 01  2026.042 :  127.6  17.7
2026 02  2026.125 :  125.6  18.1
