2024 09  2024.706 :  156.1     0
2024 10  2024.791 :  155.5     0
2024 11  2024.873 :  154.0     0
2024 12  2024.958 :  151.3   7.6
2025 01  2025.042 :  149.2   8.3
2025 02  2025.122 :  151.1   9.3
2025 03  2025.204 :  150.5  10.7
2025 04  2025.286 :  149.9  12.0
2025 05  2025.371 :  148.6  13.0
2025 06  2025.453 :  146.8  13.9
2025 07  2025.538 :  144.2  14.5
2025 08  2025.623 :  140.7  15.0
2025 09  2025.705 :  137.1  15.5
2025 10  2025.790 :  133.5  15.9
2025 11  2025.873 :  130.2  16.3
2025 12  2025.958 :  127.2  16.7
2026 01  2026.042 :  124.1  17.0
2026 02  2026.122 :  120.8  17.2
