2024 09  2024.706 : 156.1   6.3
2024 10  2024.791 : 155.5  11.1
2024 11  2024.873 : 154.0  14.5
2024 12  2024.958 : 151.9  19.4
2025 01  2025.042 : 150.3  23.2
2025 02  2025.122 : 149.3  25.2
2025 03  2025.204 : 149.3  26.8
2025 04  2025.286 : 148.6  27.2
2025 05  2025.371 : 146.5  28.8
2025 06  2025.453 : 144.2  32.3
2025 07  2025.538 : 140.7  34.5
2025 08  2025.623 : 136.4  35.0
2025 09  2025.705 : 132.7  34.6
2025 10  2025.790 : 129.2  34.9
2025 11  2025.873 : 126.1  34.9
2025 12  2025.958 : 123.5  32.6
2026 01  2026.042 : 120.4  30.3
2026 02  2026.122 : 116.8  28.8
