2024 09  2024.708 : 164.6  11.1
2024 10  2024.792 : 165.5  13.9
2024 11  2024.875 : 156.1  16.7
2024 12  2024.958 : 153.0  19.4
2025 01  2025.042 : 149.8  22.2
2025 02  2025.125 : 146.8  25.0
2025 03  2025.208 : 144.0  27.8
2025 04  2025.292 : 141.5  30.6
2025 05  2025.375 : 139.3  33.3
2025 06  2025.458 : 137.5  36.1
2025 07  2025.542 : 135.7  38.9
2025 08  2025.625 : 134.0  41.7
2025 09  2025.708 : 132.1  44.4
2025 10  2025.792 : 130.3  47.2
2025 11  2025.875 : 128.5  50.0
2025 12  2025.958 : 126.5  52.8
2026 01  2026.042 : 124.6  55.6
2026 02  2026.125 : 122.5  58.3
