2024 09  2024.708 : 157.0  31.4
2024 10  2024.792 : 155.3  31.1
2024 11  2024.875 : 152.7  30.5
2024 12  2024.958 : 150.2  30.0
2025 01  2025.042 : 146.7  29.3
2025 02  2025.125 : 143.6  28.7
2025 03  2025.208 : 142.0  28.4
2025 04  2025.292 : 139.8  28.0
2025 05  2025.375 : 136.1  27.2
2025 06  2025.458 : 132.4  26.5
2025 07  2025.542 : 127.1  25.4
2025 08  2025.625 : 121.8  24.4
2025 09  2025.708 : 118.5  23.7
2025 10  2025.792 : 118.6  23.7
2025 11  2025.875 : 118.6  23.7
2025 12  2025.958 : 118.3  23.7
2026 01  2026.042 : 118.1  23.6
2026 02  2026.125 : 117.4  23.5
