2022 10  2022.792 :   93.7     0
2022 11  2022.875 :   95.4     0
2022 12  2022.958 :   98.7     0
2023 01  2023.042 :  107.6   6.3
2023 02  2023.125 :  111.7   7.2
2023 03  2023.208 :  115.2   8.2
2023 04  2023.292 :  117.7   9.7
2023 05  2023.375 :  120.1  11.0
2023 06  2023.458 :  122.1  12.2
2023 07  2023.542 :  123.3  13.2
2023 08  2023.625 :  124.2  14.2
2023 09  2023.708 :  124.9  15.1
2023 10  2023.792 :  125.9  16.0
2023 11  2023.875 :  125.7  16.7
2023 12  2023.958 :  125.8  17.5
2024 01  2024.042 :  126.4  18.4
2024 02  2024.125 :  126.9  19.1
2024 03  2024.208 :  126.8  19.7
